1 0.055288461538461536 0.10817307692307693 0.018028846153846152 0.028846153846153848
1 0.07572115384615384 0.11538461538461539 0.025240384615384616 0.03485576923076923
1 0.08653846153846154 0.08653846153846154 0.018028846153846152 0.02403846153846154
1 0.09615384615384616 0.10697115384615384 0.019230769230769232 0.028846153846153848
1 0.03365384615384615 0.16947115384615385 0.025240384615384616 0.039663461538461536
1 0.08653846153846154 0.17067307692307693 0.026442307692307692 0.03365384615384615
1 0.0625 0.17668269230769232 0.025240384615384616 0.02283653846153846
1 0.06610576923076923 0.20072115384615385 0.021634615384615384 0.02283653846153846
1 0.02283653846153846 0.2283653846153846 0.020432692307692308 0.036057692307692304
1 0.07091346153846154 0.23557692307692307 0.03245192307692308 0.046875
1 0.04326923076923077 0.2439903846153846 0.021634615384615384 0.03125
1 0.042067307692307696 0.375 0.039663461538461536 0.051682692307692304
1 0.06370192307692307 0.4855769230769231 0.055288461538461536 0.07932692307692307
1 0.19230769230769232 0.2608173076923077 0.027644230769230768 0.040865384615384616
1 0.24278846153846154 0.1502403846153846 0.03365384615384615 0.04567307692307692
1 0.01201923076923077 0.7391826923076923 0.02403846153846154 0.06490384615384616
1 0.2764423076923077 0.7836538461538461 0.057692307692307696 0.09254807692307693
1 0.45552884615384615 0.7668269230769231 0.057692307692307696 0.0985576923076923
1 0.3942307692307692 0.59375 0.04447115384615385 0.06850961538461539
1 0.4423076923076923 0.6117788461538461 0.03485576923076923 0.052884615384615384
1 0.35096153846153844 0.5084134615384616 0.025240384615384616 0.030048076923076924
1 0.4014423076923077 0.4326923076923077 0.056490384615384616 0.07692307692307693
1 0.47596153846153844 0.421875 0.03485576923076923 0.04447115384615385
1 0.453125 0.3545673076923077 0.04807692307692308 0.055288461538461536
1 0.5024038461538461 0.2824519230769231 0.037259615384615384 0.04807692307692308
1 0.5288461538461539 0.29927884615384615 0.025240384615384616 0.03485576923076923
1 0.4855769230769231 0.20192307692307693 0.030048076923076924 0.046875
1 0.4266826923076923 0.016826923076923076 0.036057692307692304 0.03365384615384615
1 0.4807692307692308 0.014423076923076924 0.030048076923076924 0.028846153846153848
1 0.6935096153846154 0.025240384615384616 0.04567307692307692 0.05048076923076923
1 0.6778846153846154 0.14543269230769232 0.04927884615384615 0.0673076923076923
1 0.5817307692307693 0.23918269230769232 0.04326923076923077 0.06009615384615385
1 0.7091346153846154 0.23317307692307693 0.040865384615384616 0.056490384615384616
1 0.5600961538461539 0.5661057692307693 0.046875 0.07932692307692307
1 0.6213942307692307 0.6838942307692307 0.04567307692307692 0.09254807692307693
1 0.7103365384615384 0.6117788461538461 0.04927884615384615 0.07692307692307693
1 0.7896634615384616 0.7740384615384616 0.054086538461538464 0.08533653846153846
1 0.8942307692307693 0.6430288461538461 0.06129807692307692 0.0985576923076923
1 0.796875 0.5036057692307693 0.037259615384615384 0.06610576923076923
1 0.8305288461538461 0.4326923076923077 0.04807692307692308 0.06610576923076923
1 0.84375 0.5 0.052884615384615384 0.0625
1 0.8930288461538461 0.3401442307692308 0.05048076923076923 0.055288461538461536
1 0.8918269230769231 0.18509615384615385 0.052884615384615384 0.06009615384615385
1 0.9831730769230769 0.03245192307692308 0.03245192307692308 0.06370192307692307
1 0.9807692307692307 0.3076923076923077 0.03365384615384615 0.07692307692307693
1 0.8822115384615384 0.4675480769230769 0.040865384615384616 0.07932692307692307