1 0.4807692307692308 0.3894230769230769 0.07211538461538461 0.125
1 0.7115384615384616 0.4951923076923077 0.054086538461538464 0.0985576923076923
1 0.17668269230769232 0.14423076923076922 0.07091346153846154 0.11057692307692307
1 0.6862980769230769 0.1875 0.055288461538461536 0.0985576923076923
1 0.6346153846153846 0.49278846153846156 0.04326923076923077 0.07572115384615384
1 0.828125 0.2439903846153846 0.05048076923076923 0.08653846153846154
1 0.7379807692307693 0.5805288461538461 0.027644230769230768 0.06009615384615385
1 0.7584134615384616 0.4951923076923077 0.042067307692307696 0.09134615384615384
1 0.3713942307692308 0.12740384615384615 0.07692307692307693 0.13942307692307693
1 0.6418269230769231 0.054086538461538464 0.055288461538461536 0.09014423076923077
1 0.5961538461538461 0.1622596153846154 0.038461538461538464 0.07572115384615384
1 0.7007211538461539 0.036057692307692304 0.042067307692307696 0.07211538461538461
1 0.7908653846153846 0.05048076923076923 0.040865384615384616 0.10096153846153846
1 0.8233173076923077 0.052884615384615384 0.03485576923076923 0.078125
1 0.6346153846153846 0.10576923076923077 0.037259615384615384 0.0733173076923077
1 0.7932692307692307 0.5228365384615384 0.028846153846153848 0.06610576923076923