1 0.052884615384615384 0.75 0.07932692307692307 0.12860576923076922
1 0.2848557692307692 0.5240384615384616 0.0625 0.09134615384615384
1 0.36538461538461536 0.3004807692307692 0.04326923076923077 0.078125
1 0.4014423076923077 0.35697115384615385 0.06370192307692307 0.11177884615384616
1 0.34975961538461536 0.7067307692307693 0.07932692307692307 0.1141826923076923
1 0.35697115384615385 0.8064903846153846 0.051682692307692304 0.06610576923076923
1 0.47475961538461536 0.5889423076923077 0.07211538461538461 0.12259615384615384
1 0.5444711538461539 0.6850961538461539 0.036057692307692304 0.0625
1 0.4567307692307692 0.07572115384615384 0.04447115384615385 0.057692307692307696
1 0.4519230769230769 0.015625 0.037259615384615384 0.03125
1 0.6298076923076923 0.08413461538461539 0.039663461538461536 0.06850961538461539
1 0.6550480769230769 0.0673076923076923 0.026442307692307692 0.04927884615384615
1 0.6213942307692307 0.22716346153846154 0.05048076923076923 0.09735576923076923
1 0.765625 0.1141826923076923 0.042067307692307696 0.07451923076923077
1 0.8040865384615384 0.019230769230769232 0.039663461538461536 0.037259615384615384
1 0.9471153846153846 0.203125 0.05048076923076923 0.0889423076923077
1 0.9326923076923077 0.41466346153846156 0.04807692307692308 0.10336538461538461
1 0.8810096153846154 0.40625 0.042067307692307696 0.09134615384615384
1 0.7043269230769231 0.45072115384615385 0.06971153846153846 0.1346153846153846
1 0.7716346153846154 0.6045673076923077 0.057692307692307696 0.11658653846153846
1 0.8798076923076923 0.5576923076923077 0.06129807692307692 0.11298076923076923
1 0.7932692307692307 0.7584134615384616 0.05889423076923077 0.09735576923076923