1 0.078125 0.6442307692307693 0.057692307692307696 0.09495192307692307
1 0.10336538461538461 0.43509615384615385 0.056490384615384616 0.10096153846153846
1 0.33774038461538464 0.4951923076923077 0.07091346153846154 0.12259615384615384
1 0.06009615384615385 0.19471153846153846 0.05889423076923077 0.09254807692307693
1 0.38221153846153844 0.18028846153846154 0.06610576923076923 0.10697115384615384
1 0.9723557692307693 0.5120192307692307 0.04927884615384615 0.09615384615384616
1 0.18028846153846154 0.3088942307692308 0.06490384615384616 0.11057692307692307
1 0.19471153846153846 0.6838942307692307 0.04927884615384615 0.07451923076923077
1 0.17427884615384615 0.5072115384615384 0.057692307692307696 0.09495192307692307
1 0.3762019230769231 0.6778846153846154 0.06370192307692307 0.10817307692307693
1 0.7127403846153846 0.46153846153846156 0.046875 0.0829326923076923
1 0.019230769230769232 0.4735576923076923 0.037259615384615384 0.10576923076923077
1 0.30528846153846156 0.29086538461538464 0.055288461538461536 0.09615384615384616
1 0.29086538461538464 0.5612980769230769 0.042067307692307696 0.07692307692307693
1 0.21153846153846154 0.5649038461538461 0.04326923076923077 0.06610576923076923
1 0.02403846153846154 0.24519230769230768 0.046875 0.08052884615384616
1 0.203125 0.20432692307692307 0.056490384615384616 0.09014423076923077
1 0.9807692307692307 0.22355769230769232 0.030048076923076924 0.07211538461538461
1 0.3713942307692308 0.6141826923076923 0.05889423076923077 0.0985576923076923