1 0.3737980769230769 0.27524038461538464 0.04447115384615385 0.09615384615384616
1 0.4026442307692308 0.23918269230769232 0.03365384615384615 0.06971153846153846
1 0.5204326923076923 0.1935096153846154 0.051682692307692304 0.10096153846153846
1 0.5360576923076923 0.31971153846153844 0.04567307692307692 0.10216346153846154
1 0.59375 0.16346153846153846 0.039663461538461536 0.0733173076923077
1 0.6334134615384616 0.2920673076923077 0.057692307692307696 0.10216346153846154
1 0.6790865384615384 0.22355769230769232 0.04807692307692308 0.09975961538461539
1 0.7524038461538461 0.09254807692307693 0.040865384615384616 0.08413461538461539
1 0.765625 0.1658653846153846 0.03485576923076923 0.06490384615384616
1 0.8377403846153846 0.22596153846153846 0.04927884615384615 0.09615384615384616
1 0.7235576923076923 0.33653846153846156 0.04807692307692308 0.0829326923076923
1 0.8161057692307693 0.3870192307692308 0.03125 0.06490384615384616
1 0.6382211538461539 0.5697115384615384 0.030048076923076924 0.06850961538461539
1 0.7151442307692307 0.6310096153846154 0.040865384615384616 0.06850961538461539