1 0.09975961538461539 0.1935096153846154 0.025240384615384616 0.030048076923076924
1 0.22716346153846154 0.15865384615384615 0.036057692307692304 0.04326923076923077
1 0.12259615384615384 0.46634615384615385 0.04567307692307692 0.057692307692307696
1 0.02283653846153846 0.6730769230769231 0.03365384615384615 0.057692307692307696
1 0.2439903846153846 0.9411057692307693 0.03245192307692308 0.052884615384615384
1 0.3112980769230769 0.8161057692307693 0.03365384615384615 0.056490384615384616
1 0.39903846153846156 0.7055288461538461 0.03485576923076923 0.051682692307692304
1 0.41586538461538464 0.8257211538461539 0.04447115384615385 0.09975961538461539
1 0.44591346153846156 0.8629807692307693 0.037259615384615384 0.06610576923076923
1 0.5324519230769231 0.7728365384615384 0.06370192307692307 0.10216346153846154
1 0.6694711538461539 0.6923076923076923 0.0625 0.1045673076923077
1 0.7199519230769231 0.7596153846153846 0.04927884615384615 0.09615384615384616
1 0.9747596153846154 0.7271634615384616 0.04567307692307692 0.10817307692307693
1 0.7067307692307693 0.484375 0.06610576923076923 0.09735576923076923
1 0.5324519230769231 0.4098557692307692 0.057692307692307696 0.08052884615384616
1 0.42908653846153844 0.3629807692307692 0.038461538461538464 0.046875
1 0.36538461538461536 0.31971153846153844 0.05048076923076923 0.078125
1 0.45552884615384615 0.17427884615384615 0.052884615384615384 0.06490384615384616
1 0.4699519230769231 0.2247596153846154 0.040865384615384616 0.055288461538461536
1 0.5288461538461539 0.25841346153846156 0.04927884615384615 0.06009615384615385
1 0.5685096153846154 0.31009615384615385 0.055288461538461536 0.0829326923076923
1 0.6586538461538461 0.25 0.06490384615384616 0.0829326923076923
1 0.7391826923076923 0.11778846153846154 0.056490384615384616 0.0733173076923077
1 0.6382211538461539 0.04326923076923077 0.042067307692307696 0.052884615384615384
1 0.9819711538461539 0.15504807692307693 0.03125 0.055288461538461536