1 0.7163461538461539 0.2848557692307692 0.04807692307692308 0.10576923076923077
1 0.5949519230769231 0.36778846153846156 0.04927884615384615 0.08774038461538461
1 0.5324519230769231 0.33052884615384615 0.057692307692307696 0.10096153846153846
1 0.21514423076923078 0.28846153846153844 0.055288461538461536 0.08533653846153846
1 0.4230769230769231 0.3894230769230769 0.04927884615384615 0.08653846153846154
1 0.11177884615384616 0.6177884615384616 0.04567307692307692 0.07932692307692307
1 0.671875 0.45913461538461536 0.042067307692307696 0.0829326923076923
1 0.43509615384615385 0.15745192307692307 0.0625 0.09014423076923077
1 0.7572115384615384 0.25 0.04567307692307692 0.09134615384615384
1 0.3858173076923077 0.057692307692307696 0.04927884615384615 0.07451923076923077
1 0.20192307692307693 0.5685096153846154 0.04326923076923077 0.07211538461538461
1 0.5432692307692307 0.18990384615384615 0.04326923076923077 0.0829326923076923
1 0.7752403846153846 0.04807692307692308 0.04927884615384615 0.09495192307692307
1 0.5649038461538461 0.03485576923076923 0.06610576923076923 0.06850961538461539