1 0.016826923076923076 0.1201923076923077 0.03245192307692308 0.07572115384615384
1 0.07451923076923077 0.19230769230769232 0.04567307692307692 0.078125
1 0.12620192307692307 0.23677884615384615 0.056490384615384616 0.09495192307692307
1 0.17548076923076922 0.2704326923076923 0.04807692307692308 0.09735576923076923
1 0.23317307692307693 0.47115384615384615 0.06610576923076923 0.1201923076923077
1 0.4230769230769231 0.9326923076923077 0.0733173076923077 0.13341346153846154
1 0.4182692307692308 0.14783653846153846 0.0625 0.09615384615384616
1 0.5396634615384616 0.21754807692307693 0.06971153846153846 0.11899038461538461
1 0.7680288461538461 0.32572115384615385 0.03485576923076923 0.07091346153846154
1 0.8557692307692307 0.3389423076923077 0.056490384615384616 0.09735576923076923
1 0.8112980769230769 0.39302884615384615 0.039663461538461536 0.057692307692307696
1 0.7872596153846154 0.030048076923076924 0.06490384615384616 0.06009615384615385
1 0.9603365384615384 0.09375 0.02403846153846154 0.06610576923076923
1 0.9867788461538461 0.18990384615384615 0.025240384615384616 0.08653846153846154