1 0.21514423076923078 0.037259615384615384 0.051682692307692304 0.0733173076923077
1 0.13581730769230768 0.22115384615384615 0.056490384615384616 0.09495192307692307
1 0.28725961538461536 0.3137019230769231 0.07091346153846154 0.09134615384615384
1 0.3004807692307692 0.4098557692307692 0.0625 0.09975961538461539
1 0.21514423076923078 0.7463942307692307 0.07451923076923077 0.12980769230769232
1 0.16826923076923078 0.890625 0.06370192307692307 0.09014423076923077
1 0.28846153846153844 0.859375 0.04807692307692308 0.0829326923076923
1 0.21514423076923078 0.9747596153846154 0.04447115384615385 0.04927884615384615
1 0.33533653846153844 0.7295673076923077 0.039663461538461536 0.06009615384615385
1 0.38100961538461536 0.7175480769230769 0.04567307692307692 0.078125
1 0.265625 0.6550480769230769 0.026442307692307692 0.040865384615384616
1 0.45913461538461536 0.7199519230769231 0.042067307692307696 0.06610576923076923
1 0.40625 0.9627403846153846 0.057692307692307696 0.06971153846153846
1 0.5637019230769231 0.8341346153846154 0.04567307692307692 0.08173076923076923
1 0.5372596153846154 0.7439903846153846 0.03125 0.056490384615384616
1 0.5 0.6213942307692307 0.040865384615384616 0.0673076923076923
1 0.4495192307692308 0.5024038461538461 0.04447115384615385 0.0673076923076923
1 0.5036057692307693 0.44350961538461536 0.057692307692307696 0.10336538461538461
1 0.5492788461538461 0.38341346153846156 0.06971153846153846 0.1201923076923077
1 0.5829326923076923 0.4579326923076923 0.042067307692307696 0.07211538461538461
1 0.5480769230769231 0.48197115384615385 0.03485576923076923 0.055288461538461536
1 0.4987980769230769 0.1778846153846154 0.04326923076923077 0.07211538461538461
1 0.7019230769230769 0.12259615384615384 0.06129807692307692 0.09134615384615384
1 0.7415865384615384 0.19591346153846154 0.054086538461538464 0.09615384615384616
1 0.7127403846153846 0.27163461538461536 0.04326923076923077 0.0829326923076923
1 0.6694711538461539 0.6923076923076923 0.05048076923076923 0.07692307692307693
1 0.6983173076923077 0.6045673076923077 0.057692307692307696 0.11057692307692307
1 0.734375 0.5228365384615384 0.039663461538461536 0.09254807692307693
1 0.6923076923076923 0.7908653846153846 0.03485576923076923 0.06490384615384616
1 0.7524038461538461 0.8918269230769231 0.051682692307692304 0.11538461538461539
1 0.9411057692307693 0.32211538461538464 0.04927884615384615 0.10336538461538461
1 0.984375 0.042067307692307696 0.028846153846153848 0.07091346153846154
1 0.9495192307692307 0.03245192307692308 0.042067307692307696 0.06370192307692307
1 0.8064903846153846 0.07451923076923077 0.039663461538461536 0.08052884615384616