1 0.9627403846153846 0.38461538461538464 0.06370192307692307 0.13942307692307693
1 0.7560096153846154 0.3125 0.078125 0.13701923076923078
1 0.42788461538461536 0.4675480769230769 0.0625 0.11899038461538461
1 0.46634615384615385 0.9278846153846154 0.08052884615384616 0.11778846153846154
1 0.11899038461538461 0.2439903846153846 0.07932692307692307 0.14543269230769232
1 0.34615384615384615 0.17548076923076922 0.06009615384615385 0.10576923076923077
1 0.29447115384615385 0.5504807692307693 0.07572115384615384 0.12379807692307693
1 0.8641826923076923 0.5084134615384616 0.056490384615384616 0.10697115384615384
1 0.8112980769230769 0.5180288461538461 0.05048076923076923 0.11538461538461539
1 0.5228365384615384 0.5012019230769231 0.05048076923076923 0.09975961538461539
1 0.5492788461538461 0.21033653846153846 0.051682692307692304 0.0829326923076923
1 0.7115384615384616 0.6394230769230769 0.04326923076923077 0.0673076923076923
1 0.12379807692307693 0.140625 0.04326923076923077 0.07091346153846154
1 0.1935096153846154 0.13581730769230768 0.046875 0.078125
1 0.1502403846153846 0.04807692307692308 0.04447115384615385 0.05889423076923077
1 0.5588942307692307 0.43149038461538464 0.04447115384615385 0.08052884615384616
1 0.7932692307692307 0.45552884615384615 0.055288461538461536 0.09495192307692307
1 0.9074519230769231 0.3112980769230769 0.039663461538461536 0.07451923076923077
1 0.8834134615384616 0.03245192307692308 0.040865384615384616 0.06490384615384616