1 0.23677884615384615 0.8569711538461539 0.09134615384615384 0.17668269230769232
1 0.20072115384615385 0.4855769230769231 0.06850961538461539 0.10697115384615384
1 0.5925480769230769 0.6983173076923077 0.078125 0.13942307692307693
1 0.9711538461538461 0.25721153846153844 0.056490384615384616 0.12860576923076922
1 0.31490384615384615 0.765625 0.06490384615384616 0.11778846153846154
1 0.7752403846153846 0.13341346153846154 0.06490384615384616 0.10336538461538461
1 0.8545673076923077 0.17668269230769232 0.06129807692307692 0.11538461538461539
1 0.6526442307692307 0.20192307692307693 0.06610576923076923 0.12259615384615384
1 0.9290865384615384 0.640625 0.046875 0.10576923076923077
1 0.07451923076923077 0.39903846153846156 0.05889423076923077 0.1045673076923077
1 0.42427884615384615 0.1658653846153846 0.06490384615384616 0.10336538461538461
1 0.38822115384615385 0.6274038461538461 0.05889423076923077 0.09254807692307693
1 0.4807692307692308 0.06129807692307692 0.06610576923076923 0.10697115384615384