1 0.015625 0.06610576923076923 0.03125 0.07572115384615384
1 0.1045673076923077 0.10216346153846154 0.055288461538461536 0.09495192307692307
1 0.10576923076923077 0.20192307692307693 0.056490384615384616 0.06971153846153846
1 0.0829326923076923 0.28125 0.040865384615384616 0.06850961538461539
1 0.17668269230769232 0.31009615384615385 0.057692307692307696 0.10336538461538461
1 0.21995192307692307 0.5576923076923077 0.08533653846153846 0.14423076923076922
1 0.15504807692307693 0.8004807692307693 0.09134615384615384 0.14182692307692307
1 0.04326923076923077 0.8930288461538461 0.056490384615384616 0.09375
1 0.3798076923076923 0.9519230769230769 0.07692307692307693 0.09134615384615384
1 0.4026442307692308 0.22235576923076922 0.0733173076923077 0.13822115384615385
1 0.5024038461538461 0.3629807692307692 0.0673076923076923 0.12259615384615384
1 0.5228365384615384 0.5625 0.0733173076923077 0.11778846153846154
1 0.6538461538461539 0.625 0.07451923076923077 0.10697115384615384
1 0.6598557692307693 0.5492788461538461 0.06610576923076923 0.07692307692307693
1 0.6694711538461539 0.4891826923076923 0.06129807692307692 0.04807692307692308
1 0.7752403846153846 0.6286057692307693 0.056490384615384616 0.09615384615384616
1 0.90625 0.9206730769230769 0.055288461538461536 0.10216346153846154
1 0.6646634615384616 0.25961538461538464 0.055288461538461536 0.0829326923076923
1 0.7451923076923077 0.14903846153846154 0.05048076923076923 0.09014423076923077
1 0.7235576923076923 0.02283653846153846 0.04927884615384615 0.04567307692307692
1 0.8088942307692307 0.03245192307692308 0.040865384615384616 0.06490384615384616
1 0.9074519230769231 0.04807692307692308 0.04927884615384615 0.08173076923076923
1 0.8641826923076923 0.30288461538461536 0.04927884615384615 0.10336538461538461
1 0.9302884615384616 0.2283653846153846 0.03365384615384615 0.07932692307692307
1 0.9350961538461539 0.3173076923076923 0.03245192307692308 0.055288461538461536