1 0.4807692307692308 0.40384615384615385 0.06850961538461539 0.11057692307692307
1 0.421875 0.7884615384615384 0.06370192307692307 0.11899038461538461
1 0.5649038461538461 0.40625 0.05889423076923077 0.09014423076923077
1 0.12980769230769232 0.4266826923076923 0.05889423076923077 0.09975961538461539
1 0.6586538461538461 0.3954326923076923 0.052884615384615384 0.09735576923076923
1 0.2764423076923077 0.4879807692307692 0.05889423076923077 0.10576923076923077
1 0.9122596153846154 0.21394230769230768 0.055288461538461536 0.09375
1 0.6069711538461539 0.5733173076923077 0.04807692307692308 0.08653846153846154
1 0.8846153846153846 0.49399038461538464 0.05889423076923077 0.11177884615384616
1 0.8870192307692307 0.6586538461538461 0.055288461538461536 0.11298076923076923
1 0.421875 0.4254807692307692 0.057692307692307696 0.09134615384615384
1 0.7307692307692307 0.4807692307692308 0.046875 0.10336538461538461
1 0.6935096153846154 0.640625 0.042067307692307696 0.07091346153846154
1 0.3870192307692308 0.1814903846153846 0.055288461538461536 0.0829326923076923
1 0.7367788461538461 0.30408653846153844 0.054086538461538464 0.10216346153846154
1 0.625 0.1814903846153846 0.051682692307692304 0.09014423076923077
1 0.5444711538461539 0.21153846153846154 0.046875 0.06490384615384616
1 0.7367788461538461 0.20552884615384615 0.040865384615384616 0.06971153846153846
1 0.057692307692307696 0.21514423076923078 0.04447115384615385 0.06971153846153846
1 0.018028846153846152 0.25961538461538464 0.03485576923076923 0.10216346153846154
1 0.4483173076923077 0.42908653846153844 0.051682692307692304 0.10336538461538461
1 0.8185096153846154 0.5432692307692307 0.042067307692307696 0.08052884615384616
1 0.8257211538461539 0.3088942307692308 0.04927884615384615 0.11057692307692307
1 0.8040865384615384 0.3269230769230769 0.038461538461538464 0.07692307692307693
1 0.8016826923076923 0.26802884615384615 0.039663461538461536 0.0733173076923077
1 0.9050480769230769 0.6045673076923077 0.04567307692307692 0.09254807692307693