1 0.8401442307692307 0.5336538461538461 0.04807692307692308 0.07451923076923077
1 0.8112980769230769 0.5805288461538461 0.036057692307692304 0.07451923076923077
1 0.8209134615384616 0.3786057692307692 0.03485576923076923 0.07211538461538461
1 0.8810096153846154 0.27524038461538464 0.037259615384615384 0.06971153846153846
1 0.8245192307692307 0.2692307692307692 0.04326923076923077 0.078125
1 0.8389423076923077 0.1778846153846154 0.04326923076923077 0.06009615384615385
1 0.8064903846153846 0.1201923076923077 0.03125 0.056490384615384616
1 0.7824519230769231 0.09375 0.026442307692307692 0.05048076923076923
1 0.7319711538461539 0.05048076923076923 0.03125 0.052884615384615384
1 0.31971153846153844 0.27283653846153844 0.036057692307692304 0.07211538461538461
1 0.1502403846153846 0.24639423076923078 0.05048076923076923 0.09014423076923077
1 0.06610576923076923 0.47596153846153844 0.051682692307692304 0.10096153846153846
1 0.24519230769230768 0.5444711538461539 0.057692307692307696 0.1045673076923077
1 0.34375 0.7163461538461539 0.055288461538461536 0.10096153846153846
1 0.4639423076923077 0.9134615384615384 0.04447115384615385 0.08533653846153846
1 0.23557692307692307 0.9375 0.04326923076923077 0.07572115384615384
1 0.23918269230769232 0.05048076923076923 0.04447115384615385 0.06971153846153846
1 0.8701923076923077 0.41466346153846156 0.036057692307692304 0.0673076923076923
1 0.8737980769230769 0.33774038461538464 0.039663461538461536 0.07211538461538461
1 0.7956730769230769 0.234375 0.03125 0.0673076923076923