1 0.6069711538461539 0.4014423076923077 0.08052884615384616 0.14903846153846154
1 0.421875 0.47115384615384615 0.057692307692307696 0.10576923076923077
1 0.8473557692307693 0.640625 0.038461538461538464 0.07932692307692307
1 0.11778846153846154 0.8425480769230769 0.055288461538461536 0.10336538461538461
1 0.07211538461538461 0.7271634615384616 0.06971153846153846 0.10697115384615384
1 0.8605769230769231 0.47716346153846156 0.055288461538461536 0.0985576923076923
1 0.703125 0.7980769230769231 0.05889423076923077 0.09735576923076923
1 0.6862980769230769 0.5420673076923077 0.05889423076923077 0.1201923076923077
1 0.1310096153846154 0.65625 0.06370192307692307 0.10096153846153846
1 0.6045673076923077 0.3088942307692308 0.05889423076923077 0.09975961538461539
1 0.04326923076923077 0.2668269230769231 0.04447115384615385 0.0829326923076923
1 0.10216346153846154 0.265625 0.039663461538461536 0.06129807692307692
1 0.013221153846153846 0.41225961538461536 0.026442307692307692 0.0829326923076923
1 0.47716346153846156 0.1971153846153846 0.042067307692307696 0.06850961538461539
1 0.6346153846153846 0.140625 0.038461538461538464 0.1045673076923077
1 0.8533653846153846 0.4579326923076923 0.037259615384615384 0.0829326923076923
1 0.6262019230769231 0.3762019230769231 0.057692307692307696 0.11177884615384616