1 0.5685096153846154 0.30408653846153844 0.051682692307692304 0.09975961538461539
1 0.06610576923076923 0.578125 0.04567307692307692 0.08173076923076923
1 0.038461538461538464 0.8497596153846154 0.04326923076923077 0.08052884615384616
1 0.5384615384615384 0.5721153846153846 0.038461538461538464 0.08052884615384616
1 0.6081730769230769 0.47716346153846156 0.040865384615384616 0.07932692307692307
1 0.7451923076923077 0.43509615384615385 0.04807692307692308 0.08653846153846154
1 0.7536057692307693 0.5600961538461539 0.052884615384615384 0.08774038461538461
1 0.7367788461538461 0.6310096153846154 0.051682692307692304 0.09254807692307693
1 0.6995192307692307 0.7235576923076923 0.051682692307692304 0.09495192307692307
1 0.6454326923076923 0.8870192307692307 0.05048076923076923 0.09735576923076923
1 0.7860576923076923 0.7151442307692307 0.040865384615384616 0.08413461538461539
1 0.8725961538461539 0.5901442307692307 0.028846153846153848 0.06971153846153846
1 0.8173076923076923 0.5144230769230769 0.05048076923076923 0.09615384615384616
1 0.9387019230769231 0.4074519230769231 0.040865384615384616 0.0889423076923077
1 0.8137019230769231 0.2980769230769231 0.05048076923076923 0.09254807692307693
1 0.8605769230769231 0.265625 0.03485576923076923 0.06370192307692307
1 0.7908653846153846 0.2512019230769231 0.040865384615384616 0.0673076923076923
1 0.19110576923076922 0.06129807692307692 0.055288461538461536 0.08653846153846154