1 0.5805288461538461 0.6346153846153846 0.07692307692307693 0.13341346153846154
1 0.8449519230769231 0.27524038461538464 0.056490384615384616 0.11057692307692307
1 0.8725961538461539 0.6274038461538461 0.054086538461538464 0.10817307692307693
1 0.03125 0.2800480769230769 0.06009615384615385 0.109375
1 0.8713942307692307 0.4579326923076923 0.04927884615384615 0.08653846153846154
1 0.7608173076923077 0.18509615384615385 0.052884615384615384 0.0985576923076923
1 0.04927884615384615 0.08533653846153846 0.04447115384615385 0.09495192307692307
1 0.21995192307692307 0.5192307692307693 0.052884615384615384 0.08413461538461539
1 0.08413461538461539 0.09134615384615384 0.052884615384615384 0.09495192307692307
1 0.40865384615384615 0.055288461538461536 0.0733173076923077 0.11057692307692307
1 0.13942307692307693 0.5901442307692307 0.04927884615384615 0.052884615384615384