1 0.11538461538461539 0.8401442307692307 0.09495192307692307 0.17067307692307693
1 0.5252403846153846 0.8846153846153846 0.08052884615384616 0.14783653846153846
1 0.296875 0.8269230769230769 0.08173076923076923 0.13942307692307693
1 0.35336538461538464 0.3954326923076923 0.07932692307692307 0.12740384615384615
1 0.8413461538461539 0.5853365384615384 0.06370192307692307 0.12740384615384615
1 0.5132211538461539 0.36538461538461536 0.07211538461538461 0.140625
1 0.04927884615384615 0.2283653846153846 0.0829326923076923 0.14302884615384615
1 0.7980769230769231 0.375 0.08413461538461539 0.15985576923076922
1 0.21153846153846154 0.8858173076923077 0.0889423076923077 0.15384615384615385
1 0.32572115384615385 0.13341346153846154 0.06610576923076923 0.09735576923076923
1 0.48197115384615385 0.046875 0.08774038461538461 0.09254807692307693
1 0.5637019230769231 0.5180288461538461 0.04807692307692308 0.0829326923076923
1 0.7728365384615384 0.05048076923076923 0.06610576923076923 0.09975961538461539
1 0.9711538461538461 0.5853365384615384 0.052884615384615384 0.12740384615384615