1 0.31490384615384615 0.15144230769230768 0.055288461538461536 0.08653846153846154
1 0.41466346153846156 0.20072115384615385 0.04807692307692308 0.0829326923076923
1 0.47475961538461536 0.33413461538461536 0.052884615384615384 0.08413461538461539
1 0.2247596153846154 0.4963942307692308 0.05889423076923077 0.10216346153846154
1 0.2644230769230769 0.5408653846153846 0.04927884615384615 0.11057692307692307
1 0.2824519230769231 0.5480769230769231 0.05048076923076923 0.10336538461538461
1 0.30408653846153844 0.6646634615384616 0.04567307692307692 0.07572115384615384
1 0.36899038461538464 0.7572115384615384 0.04447115384615385 0.06971153846153846
1 0.49038461538461536 0.71875 0.06009615384615385 0.1045673076923077
1 0.5456730769230769 0.8245192307692307 0.06370192307692307 0.1201923076923077
1 0.578125 0.6694711538461539 0.06009615384615385 0.11538461538461539
1 0.65625 0.8810096153846154 0.06370192307692307 0.11778846153846154
1 0.7824519230769231 0.9242788461538461 0.055288461538461536 0.10817307692307693
1 0.7992788461538461 0.6790865384615384 0.04326923076923077 0.07451923076923077
1 0.7908653846153846 0.7211538461538461 0.028846153846153848 0.054086538461538464
1 0.9242788461538461 0.8641826923076923 0.040865384615384616 0.08173076923076923
1 0.9723557692307693 0.8990384615384616 0.04567307692307692 0.08052884615384616
1 0.7620192307692307 0.4411057692307692 0.05048076923076923 0.09134615384615384
1 0.7079326923076923 0.2548076923076923 0.04927884615384615 0.0829326923076923
1 0.6622596153846154 0.2439903846153846 0.03485576923076923 0.052884615384615384
1 0.13822115384615385 0.3389423076923077 0.042067307692307696 0.06490384615384616
1 0.11298076923076923 0.4110576923076923 0.052884615384615384 0.08533653846153846
1 0.078125 0.2932692307692308 0.05048076923076923 0.07692307692307693
1 0.03125 0.23076923076923078 0.03245192307692308 0.06009615384615385
1 0.018028846153846152 0.7283653846153846 0.03485576923076923 0.07932692307692307
1 0.5889423076923077 0.4411057692307692 0.06370192307692307 0.10817307692307693
1 0.5456730769230769 0.49038461538461536 0.06009615384615385 0.10336538461538461
1 0.5204326923076923 0.421875 0.03485576923076923 0.057692307692307696
1 0.27283653846153844 0.28966346153846156 0.036057692307692304 0.04927884615384615