1 0.04326923076923077 0.0625 0.06009615384615385 0.10096153846153846
1 0.038461538461538464 0.6069711538461539 0.04447115384615385 0.07091346153846154
1 0.13942307692307693 0.6105769230769231 0.042067307692307696 0.0673076923076923
1 0.09134615384615384 0.9242788461538461 0.06610576923076923 0.1141826923076923
1 0.2608173076923077 0.5576923076923077 0.055288461538461536 0.09014423076923077
1 0.2848557692307692 0.47716346153846156 0.046875 0.07572115384615384
1 0.3918269230769231 0.5060096153846154 0.038461538461538464 0.054086538461538464
1 0.3016826923076923 0.6778846153846154 0.04326923076923077 0.07451923076923077
1 0.33653846153846156 0.6862980769230769 0.028846153846153848 0.06610576923076923
1 0.43149038461538464 0.6165865384615384 0.038461538461538464 0.06490384615384616
1 0.4831730769230769 0.6117788461538461 0.04927884615384615 0.0829326923076923
1 0.41466346153846156 0.7319711538461539 0.040865384615384616 0.07692307692307693
1 0.5709134615384616 0.3389423076923077 0.07211538461538461 0.13341346153846154
1 0.6057692307692307 0.11298076923076923 0.07451923076923077 0.12139423076923077
1 0.4338942307692308 0.03485576923076923 0.06490384615384616 0.06971153846153846