1 0.1814903846153846 0.8786057692307693 0.07091346153846154 0.11177884615384616
1 0.3016826923076923 0.8401442307692307 0.06009615384615385 0.09134615384615384
1 0.2776442307692308 0.5168269230769231 0.046875 0.11298076923076923
1 0.30649038461538464 0.4879807692307692 0.05048076923076923 0.07451923076923077
1 0.2956730769230769 0.4014423076923077 0.04326923076923077 0.0889423076923077
1 0.3245192307692308 0.1875 0.06850961538461539 0.11177884615384616
1 0.38100961538461536 0.2920673076923077 0.052884615384615384 0.08653846153846154
1 0.3762019230769231 0.38100961538461536 0.04447115384615385 0.06009615384615385
1 0.48677884615384615 0.32211538461538464 0.07211538461538461 0.10336538461538461
1 0.5432692307692307 0.5516826923076923 0.09735576923076923 0.15865384615384615
1 0.7367788461538461 0.4326923076923077 0.056490384615384616 0.1045673076923077
1 0.7596153846153846 0.13221153846153846 0.04567307692307692 0.07091346153846154
1 0.8209134615384616 0.15865384615384615 0.06009615384615385 0.11177884615384616
1 0.8798076923076923 0.13581730769230768 0.05889423076923077 0.10576923076923077
1 0.4891826923076923 0.11658653846153846 0.05889423076923077 0.09134615384615384
1 0.38221153846153844 0.04807692307692308 0.055288461538461536 0.08653846153846154
1 0.8822115384615384 0.9567307692307693 0.05048076923076923 0.07451923076923077
1 0.515625 0.45913461538461536 0.039663461538461536 0.07211538461538461
1 0.5540865384615384 0.4639423076923077 0.055288461538461536 0.09014423076923077