1 0.5132211538461539 0.31490384615384615 0.06129807692307692 0.12139423076923077
1 0.3125 0.31009615384615385 0.06610576923076923 0.1045673076923077
1 0.5649038461538461 0.2848557692307692 0.054086538461538464 0.10216346153846154
1 0.45552884615384615 0.484375 0.04927884615384615 0.08052884615384616
1 0.028846153846153848 0.21153846153846154 0.057692307692307696 0.09014423076923077
1 0.1971153846153846 0.34615384615384615 0.052884615384615384 0.09014423076923077
1 0.6298076923076923 0.07692307692307693 0.04807692307692308 0.09014423076923077
1 0.38461538461538464 0.36899038461538464 0.054086538461538464 0.09615384615384616
1 0.25240384615384615 0.11298076923076923 0.055288461538461536 0.09615384615384616
1 0.33774038461538464 0.16466346153846154 0.05889423076923077 0.09134615384615384
1 0.9831730769230769 0.30408653846153844 0.03245192307692308 0.10216346153846154
1 0.5540865384615384 0.03245192307692308 0.04447115384615385 0.06370192307692307
1 0.21754807692307693 0.025240384615384616 0.054086538461538464 0.05048076923076923