1 0.38100961538461536 0.18389423076923078 0.055288461538461536 0.08533653846153846
1 0.4266826923076923 0.25600961538461536 0.0733173076923077 0.11778846153846154
1 0.4951923076923077 0.5252403846153846 0.06610576923076923 0.11177884615384616
1 0.5180288461538461 0.7139423076923077 0.06850961538461539 0.13221153846153846
1 0.4098557692307692 0.734375 0.06610576923076923 0.11057692307692307
1 0.23918269230769232 0.5324519230769231 0.0733173076923077 0.1310096153846154
1 0.12860576923076922 0.42908653846153844 0.06610576923076923 0.09735576923076923
1 0.22596153846153846 0.3112980769230769 0.08173076923076923 0.1502403846153846
1 0.19951923076923078 0.23076923076923078 0.07572115384615384 0.1045673076923077
1 0.21033653846153846 0.16105769230769232 0.06009615384615385 0.09495192307692307
1 0.19230769230769232 0.8954326923076923 0.04807692307692308 0.1045673076923077
1 0.5 0.5985576923076923 0.028846153846153848 0.056490384615384616
1 0.5192307692307693 0.6358173076923077 0.028846153846153848 0.04927884615384615