1 0.09014423076923077 0.4579326923076923 0.0625 0.12740384615384615
1 0.24519230769230768 0.640625 0.0673076923076923 0.12139423076923077
1 0.47596153846153844 0.8245192307692307 0.06610576923076923 0.11538461538461539
1 0.5084134615384616 0.49399038461538464 0.06009615384615385 0.11538461538461539
1 0.6826923076923077 0.36899038461538464 0.056490384615384616 0.09495192307692307
1 0.15865384615384615 0.33653846153846156 0.057692307692307696 0.10216346153846154
1 0.17548076923076922 0.6550480769230769 0.06490384615384616 0.10576923076923077
1 0.7475961538461539 0.10096153846153846 0.06971153846153846 0.12259615384615384
1 0.13942307692307693 0.06610576923076923 0.08774038461538461 0.1310096153846154
1 0.5408653846153846 0.18990384615384615 0.05048076923076923 0.09014423076923077
1 0.8930288461538461 0.08774038461538461 0.05889423076923077 0.11177884615384616
1 0.3701923076923077 0.8485576923076923 0.054086538461538464 0.08653846153846154
1 0.53125 0.6923076923076923 0.039663461538461536 0.0625