1 0.42427884615384615 0.4387019230769231 0.054086538461538464 0.08413461538461539
1 0.5745192307692307 0.3449519230769231 0.021634615384615384 0.057692307692307696
1 0.5985576923076923 0.35697115384615385 0.025240384615384616 0.06129807692307692
1 0.6670673076923077 0.38461538461538464 0.036057692307692304 0.06490384615384616
1 0.5625 0.4987980769230769 0.042067307692307696 0.07211538461538461
1 0.43509615384615385 0.5084134615384616 0.055288461538461536 0.04567307692307692
1 0.44591346153846156 0.5552884615384616 0.04567307692307692 0.06490384615384616
1 0.5348557692307693 0.5492788461538461 0.042067307692307696 0.06490384615384616
1 0.6334134615384616 0.5805288461538461 0.04326923076923077 0.07091346153846154
1 0.4567307692307692 0.71875 0.04567307692307692 0.08653846153846154
1 0.5805288461538461 0.859375 0.052884615384615384 0.07692307692307693
1 0.6550480769230769 0.7752403846153846 0.036057692307692304 0.0733173076923077
1 0.6802884615384616 0.8209134615384616 0.021634615384615384 0.05048076923076923
1 0.3557692307692308 0.8569711538461539 0.04927884615384615 0.09495192307692307
1 0.057692307692307696 0.8569711538461539 0.0889423076923077 0.14903846153846154