1 0.2932692307692308 0.34375 0.0733173076923077 0.12740384615384615
1 0.4567307692307692 0.5372596153846154 0.06370192307692307 0.10697115384615384
1 0.5228365384615384 0.5877403846153846 0.056490384615384616 0.09735576923076923
1 0.5384615384615384 0.4855769230769231 0.06009615384615385 0.09495192307692307
1 0.27163461538461536 0.6538461538461539 0.06490384615384616 0.1045673076923077
1 0.24278846153846154 0.7091346153846154 0.057692307692307696 0.09735576923076923
1 0.36899038461538464 0.7235576923076923 0.04326923076923077 0.07451923076923077
1 0.31850961538461536 0.8221153846153846 0.03125 0.051682692307692304
1 0.171875 0.33653846153846156 0.030048076923076924 0.05889423076923077
1 0.36538461538461536 0.15144230769230768 0.052884615384615384 0.0829326923076923
1 0.25961538461538464 0.5793269230769231 0.03485576923076923 0.055288461538461536
1 0.21394230769230768 0.5120192307692307 0.04447115384615385 0.078125
1 0.4831730769230769 0.6237980769230769 0.02403846153846154 0.04567307692307692