1 0.07451923076923077 0.5192307692307693 0.06971153846153846 0.12740384615384615
1 0.4579326923076923 0.4098557692307692 0.06850961538461539 0.11899038461538461
1 0.49278846153846156 0.8365384615384616 0.07211538461538461 0.12980769230769232
1 0.5444711538461539 0.24639423076923078 0.0733173076923077 0.12740384615384615
1 0.8569711538461539 0.16947115384615385 0.0625 0.10336538461538461
1 0.2848557692307692 0.7728365384615384 0.055288461538461536 0.09254807692307693
1 0.18269230769230768 0.8713942307692307 0.052884615384615384 0.08653846153846154
1 0.5588942307692307 0.36778846153846156 0.06370192307692307 0.10697115384615384
1 0.32091346153846156 0.5384615384615384 0.05889423076923077 0.109375
1 0.4338942307692308 0.6899038461538461 0.06610576923076923 0.11177884615384616
1 0.055288461538461536 0.43028846153846156 0.046875 0.07692307692307693
1 0.0985576923076923 0.3473557692307692 0.056490384615384616 0.08653846153846154
1 0.22115384615384615 0.7944711538461539 0.05048076923076923 0.09014423076923077