1 0.4855769230769231 0.6923076923076923 0.056490384615384616 0.109375
1 0.4735576923076923 0.8966346153846154 0.03245192307692308 0.07091346153846154
1 0.5192307692307693 0.9555288461538461 0.0625 0.08413461538461539
1 0.5961538461538461 0.9266826923076923 0.052884615384615384 0.08413461538461539
1 0.7572115384615384 0.8329326923076923 0.054086538461538464 0.10336538461538461
1 0.8545673076923077 0.8173076923076923 0.05048076923076923 0.09134615384615384
1 0.9483173076923077 0.625 0.057692307692307696 0.1141826923076923
1 0.71875 0.5697115384615384 0.06129807692307692 0.11177884615384616
1 0.8485576923076923 0.4795673076923077 0.040865384615384616 0.078125
1 0.6790865384615384 0.3088942307692308 0.052884615384615384 0.08774038461538461
1 0.5216346153846154 0.12620192307692307 0.03485576923076923 0.06971153846153846
1 0.49759615384615385 0.16706730769230768 0.027644230769230768 0.046875
1 0.38341346153846156 0.052884615384615384 0.040865384615384616 0.06129807692307692
1 0.7007211538461539 0.0625 0.036057692307692304 0.05889423076923077
1 0.8521634615384616 0.1310096153846154 0.051682692307692304 0.08653846153846154
1 0.5 0.5336538461538461 0.052884615384615384 0.09495192307692307