1 0.22956730769230768 0.3004807692307692 0.036057692307692304 0.07451923076923077
1 0.25961538461538464 0.5360576923076923 0.052884615384615384 0.11658653846153846
1 0.4543269230769231 0.15865384615384615 0.07692307692307693 0.13701923076923078
1 0.4879807692307692 0.5132211538461539 0.04927884615384615 0.10096153846153846
1 0.6069711538461539 0.7560096153846154 0.07692307692307693 0.14182692307692307
1 0.5865384615384616 0.6682692307692307 0.07211538461538461 0.10216346153846154
1 0.48197115384615385 0.9615384615384616 0.04567307692307692 0.07091346153846154
1 0.8641826923076923 0.3858173076923077 0.03245192307692308 0.06370192307692307
1 0.8954326923076923 0.40384615384615385 0.030048076923076924 0.06009615384615385
1 0.9266826923076923 0.4423076923076923 0.052884615384615384 0.0733173076923077
1 0.9735576923076923 0.43149038461538464 0.04567307692307692 0.078125
1 0.9254807692307693 0.5192307692307693 0.056490384615384616 0.08173076923076923
1 0.9387019230769231 0.6334134615384616 0.06009615384615385 0.10817307692307693
1 0.9699519230769231 0.7259615384615384 0.051682692307692304 0.09975961538461539