1 0.038461538461538464 0.7956730769230769 0.06971153846153846 0.13221153846153846
1 0.0733173076923077 0.6550480769230769 0.0673076923076923 0.11538461538461539
1 0.6634615384615384 0.18870192307692307 0.07451923076923077 0.1346153846153846
1 0.20432692307692307 0.19110576923076922 0.06370192307692307 0.11177884615384616
1 0.140625 0.4411057692307692 0.07692307692307693 0.14182692307692307
1 0.4579326923076923 0.5637019230769231 0.07091346153846154 0.13581730769230768
1 0.6634615384615384 0.7848557692307693 0.056490384615384616 0.10096153846153846
1 0.19831730769230768 0.9387019230769231 0.07211538461538461 0.12139423076923077
1 0.5084134615384616 0.6201923076923077 0.04567307692307692 0.0889423076923077
1 0.4639423076923077 0.265625 0.07572115384615384 0.09495192307692307
1 0.49278846153846156 0.4855769230769231 0.05889423076923077 0.10336538461538461
1 0.2956730769230769 0.8149038461538461 0.04447115384615385 0.0829326923076923
1 0.02403846153846154 0.38461538461538464 0.04807692307692308 0.12259615384615384
1 0.3629807692307692 0.9603365384615384 0.078125 0.078125
1 0.296875 0.34134615384615385 0.06009615384615385 0.09134615384615384
1 0.48197115384615385 0.027644230769230768 0.06490384615384616 0.055288461538461536