1 0.1310096153846154 0.8918269230769231 0.08173076923076923 0.1502403846153846
1 0.14182692307692307 0.6069711538461539 0.051682692307692304 0.10096153846153846
1 0.1346153846153846 0.20192307692307693 0.04447115384615385 0.08653846153846154
1 0.25721153846153844 0.15264423076923078 0.051682692307692304 0.09014423076923077
1 0.28966346153846156 0.25240384615384615 0.06971153846153846 0.12379807692307693
1 0.4338942307692308 0.16826923076923078 0.06370192307692307 0.12980769230769232
1 0.5348557692307693 0.13221153846153846 0.0673076923076923 0.1201923076923077
1 0.6141826923076923 0.26322115384615385 0.06129807692307692 0.11057692307692307
1 0.5697115384615384 0.3389423076923077 0.057692307692307696 0.10576923076923077
1 0.5829326923076923 0.5408653846153846 0.05889423076923077 0.11658653846153846
1 0.5444711538461539 0.5889423076923077 0.054086538461538464 0.09735576923076923
1 0.4735576923076923 0.5685096153846154 0.046875 0.08774038461538461
1 0.4254807692307692 0.5769230769230769 0.06370192307692307 0.1141826923076923
1 0.3329326923076923 0.6959134615384616 0.08533653846153846 0.15985576923076922
1 0.2956730769230769 0.6586538461538461 0.04567307692307692 0.08774038461538461
1 0.2932692307692308 0.5853365384615384 0.04567307692307692 0.0889423076923077
1 0.35096153846153844 0.53125 0.055288461538461536 0.1045673076923077
1 0.31490384615384615 0.44350961538461536 0.051682692307692304 0.10817307692307693
1 0.25721153846153844 0.4411057692307692 0.07932692307692307 0.14182692307692307
1 0.39663461538461536 0.25961538461538464 0.04326923076923077 0.07692307692307693
1 0.484375 0.6598557692307693 0.051682692307692304 0.09375
1 0.47836538461538464 0.7788461538461539 0.04447115384615385 0.08653846153846154
1 0.4411057692307692 0.8774038461538461 0.07692307692307693 0.14903846153846154
1 0.5961538461538461 0.8173076923076923 0.057692307692307696 0.09975961538461539
1 0.5877403846153846 0.9014423076923077 0.06370192307692307 0.06610576923076923
1 0.515625 0.9459134615384616 0.056490384615384616 0.07091346153846154