1 0.48677884615384615 0.9338942307692307 0.0673076923076923 0.09495192307692307
1 0.5396634615384616 0.21754807692307693 0.05048076923076923 0.09735576923076923
1 0.5336538461538461 0.6526442307692307 0.046875 0.09495192307692307
1 0.5288461538461539 0.5661057692307693 0.04326923076923077 0.0733173076923077
1 0.5901442307692307 0.5420673076923077 0.05048076923076923 0.08653846153846154
1 0.6177884615384616 0.6706730769230769 0.04807692307692308 0.08653846153846154
1 0.6177884615384616 0.47836538461538464 0.040865384615384616 0.078125
1 0.6466346153846154 0.16947115384615385 0.04927884615384615 0.10697115384615384
1 0.46875 0.8112980769230769 0.040865384615384616 0.06009615384615385
1 0.5228365384615384 0.29086538461538464 0.04326923076923077 0.07451923076923077
1 0.59375 0.125 0.04447115384615385 0.07572115384615384
1 0.5216346153846154 0.375 0.036057692307692304 0.0625
1 0.5769230769230769 0.3737980769230769 0.03485576923076923 0.0733173076923077
1 0.59375 0.42788461538461536 0.038461538461538464 0.05889423076923077
1 0.5853365384615384 0.6358173076923077 0.03245192307692308 0.06129807692307692
1 0.5576923076923077 0.7043269230769231 0.042067307692307696 0.078125
1 0.6045673076923077 0.7824519230769231 0.05048076923076923 0.08173076923076923