1 0.43509615384615385 0.29086538461538464 0.06971153846153846 0.12740384615384615
1 0.2644230769230769 0.4639423076923077 0.05889423076923077 0.11778846153846154
1 0.30649038461538464 0.6418269230769231 0.06850961538461539 0.1346153846153846
1 0.7992788461538461 0.33052884615384615 0.057692307692307696 0.11177884615384616
1 0.15504807692307693 0.46274038461538464 0.0673076923076923 0.1466346153846154
1 0.6009615384615384 0.6490384615384616 0.05889423076923077 0.10817307692307693
1 0.4495192307692308 0.5997596153846154 0.052884615384615384 0.12980769230769232
1 0.2980769230769231 0.0625 0.07572115384615384 0.10576923076923077
1 0.7019230769230769 0.1622596153846154 0.0625 0.13341346153846154
1 0.23317307692307693 0.6790865384615384 0.046875 0.109375
1 0.7151442307692307 0.07692307692307693 0.04326923076923077 0.05889423076923077