1 0.5973557692307693 0.6021634615384616 0.0733173076923077 0.12860576923076922
1 0.5252403846153846 0.5745192307692307 0.055288461538461536 0.109375
1 0.4110576923076923 0.7007211538461539 0.05048076923076923 0.09495192307692307
1 0.5649038461538461 0.7427884615384616 0.05889423076923077 0.11177884615384616
1 0.3233173076923077 0.8004807692307693 0.056490384615384616 0.09975961538461539
1 0.4951923076923077 0.8966346153846154 0.051682692307692304 0.09735576923076923
1 0.28725961538461536 0.3605769230769231 0.039663461538461536 0.0889423076923077
1 0.41225961538461536 0.5144230769230769 0.046875 0.08533653846153846
1 0.5096153846153846 0.15384615384615385 0.04447115384615385 0.09014423076923077
1 0.5576923076923077 0.026442307692307692 0.03485576923076923 0.051682692307692304
1 0.7524038461538461 0.055288461538461536 0.037259615384615384 0.078125
1 0.3737980769230769 0.8834134615384616 0.03245192307692308 0.078125