1 0.25240384615384615 0.16706730769230768 0.052884615384615384 0.08653846153846154
1 0.19471153846153846 0.33413461538461536 0.052884615384615384 0.09495192307692307
1 0.2860576923076923 0.34134615384615385 0.03245192307692308 0.06370192307692307
1 0.3870192307692308 0.5576923076923077 0.06370192307692307 0.12139423076923077
1 0.015625 0.5985576923076923 0.03125 0.07692307692307693
1 0.04326923076923077 0.8028846153846154 0.05889423076923077 0.0985576923076923
1 0.17548076923076922 0.9026442307692307 0.06490384615384616 0.11538461538461539
1 0.4951923076923077 0.22596153846153846 0.07211538461538461 0.13341346153846154
1 0.5685096153846154 0.3870192307692308 0.051682692307692304 0.08173076923076923
1 0.6790865384615384 0.06490384615384616 0.06129807692307692 0.10817307692307693
1 0.9615384615384616 0.12139423076923077 0.051682692307692304 0.09014423076923077