1 0.421875 0.5997596153846154 0.08533653846153846 0.13942307692307693
1 0.1622596153846154 0.8269230769230769 0.0889423076923077 0.14903846153846154
1 0.5685096153846154 0.8028846153846154 0.07091346153846154 0.12620192307692307
1 0.3425480769230769 0.78125 0.08173076923076923 0.13581730769230768
1 0.7944711538461539 0.3173076923076923 0.06370192307692307 0.12259615384615384
1 0.45913461538461536 0.19110576923076922 0.04927884615384615 0.07211538461538461
1 0.36177884615384615 0.8485576923076923 0.07692307692307693 0.13942307692307693
1 0.09735576923076923 0.4699519230769231 0.05889423076923077 0.11057692307692307
1 0.08173076923076923 0.8425480769230769 0.05048076923076923 0.0829326923076923
1 0.16826923076923078 0.16706730769230768 0.04326923076923077 0.09254807692307693
1 0.34615384615384615 0.025240384615384616 0.0673076923076923 0.05048076923076923
1 0.21394230769230768 0.18629807692307693 0.046875 0.055288461538461536