1 0.47836538461538464 0.1622596153846154 0.07091346153846154 0.11057692307692307
1 0.3161057692307692 0.4651442307692308 0.07692307692307693 0.13942307692307693
1 0.27524038461538464 0.640625 0.06129807692307692 0.125
1 0.19831730769230768 0.8882211538461539 0.09014423076923077 0.18028846153846154
1 0.026442307692307692 0.7956730769230769 0.052884615384615384 0.1346153846153846
1 0.04447115384615385 0.2283653846153846 0.055288461538461536 0.08173076923076923
1 0.5264423076923077 0.5817307692307693 0.07211538461538461 0.12860576923076922
1 0.7391826923076923 0.49158653846153844 0.06009615384615385 0.11899038461538461
1 0.6069711538461539 0.7632211538461539 0.05889423076923077 0.09615384615384616
1 0.6117788461538461 0.8112980769230769 0.055288461538461536 0.09735576923076923
1 0.9663461538461539 0.2980769230769231 0.026442307692307692 0.0889423076923077