1 0.2824519230769231 0.5901442307692307 0.09134615384615384 0.16466346153846154
1 0.5252403846153846 0.8413461538461539 0.0889423076923077 0.16105769230769232
1 0.5877403846153846 0.6899038461538461 0.08173076923076923 0.15264423076923078
1 0.2536057692307692 0.8713942307692307 0.07091346153846154 0.12620192307692307
1 0.5432692307692307 0.3076923076923077 0.08774038461538461 0.1502403846153846
1 0.5625 0.1875 0.08413461538461539 0.13341346153846154
1 0.6875 0.2776442307692308 0.07692307692307693 0.13701923076923078
1 0.8052884615384616 0.328125 0.04807692307692308 0.1045673076923077
1 0.21033653846153846 0.22115384615384615 0.0673076923076923 0.12980769230769232
1 0.27403846153846156 0.1935096153846154 0.07692307692307693 0.1310096153846154
1 0.03365384615384615 0.3545673076923077 0.05048076923076923 0.08774038461538461
1 0.06490384615384616 0.06129807692307692 0.04447115384615385 0.08774038461538461