1 0.25 0.8497596153846154 0.0829326923076923 0.15504807692307693
1 0.16105769230769232 0.6574519230769231 0.078125 0.13942307692307693
1 0.6646634615384616 0.8064903846153846 0.078125 0.140625
1 0.6959134615384616 0.32211538461538464 0.0733173076923077 0.125
1 0.13942307692307693 0.5324519230769231 0.07091346153846154 0.13822115384615385
1 0.5204326923076923 0.375 0.06490384615384616 0.11778846153846154
1 0.9399038461538461 0.25 0.06009615384615385 0.10697115384615384
1 0.3112980769230769 0.8798076923076923 0.056490384615384616 0.12259615384615384
1 0.28966346153846156 0.21995192307692307 0.057692307692307696 0.10336538461538461
1 0.15625 0.8485576923076923 0.07572115384615384 0.13942307692307693
1 0.21514423076923078 0.04807692307692308 0.051682692307692304 0.078125
1 0.5180288461538461 0.8990384615384616 0.04927884615384615 0.08653846153846154
1 0.453125 0.8401442307692307 0.04927884615384615 0.0985576923076923
1 0.36538461538461536 0.9387019230769231 0.056490384615384616 0.08173076923076923
1 0.37259615384615385 0.8064903846153846 0.04807692307692308 0.078125
1 0.36899038461538464 0.4375 0.046875 0.07091346153846154
1 0.03365384615384615 0.9579326923076923 0.0673076923076923 0.07692307692307693