1 0.9254807692307693 0.6346153846153846 0.06971153846153846 0.1466346153846154
1 0.5901442307692307 0.48677884615384615 0.08052884615384616 0.14423076923076922
1 0.33052884615384615 0.25240384615384615 0.06490384615384616 0.10336538461538461
1 0.8762019230769231 0.10336538461538461 0.0673076923076923 0.10697115384615384
1 0.09134615384615384 0.7175480769230769 0.052884615384615384 0.09375
1 0.734375 0.44350961538461536 0.056490384615384616 0.08653846153846154
1 0.5516826923076923 0.15865384615384615 0.046875 0.078125
1 0.5264423076923077 0.33052884615384615 0.06370192307692307 0.11538461538461539
1 0.9639423076923077 0.18389423076923078 0.039663461538461536 0.05889423076923077
1 0.3485576923076923 0.038461538461538464 0.05048076923076923 0.07692307692307693
1 0.6274038461538461 0.49278846153846156 0.0673076923076923 0.1310096153846154