1 0.5745192307692307 0.37740384615384615 0.08173076923076923 0.14423076923076922
1 0.6971153846153846 0.1778846153846154 0.09134615384615384 0.15504807692307693
1 0.328125 0.7055288461538461 0.051682692307692304 0.0829326923076923
1 0.055288461538461536 0.41225961538461536 0.04567307692307692 0.078125
1 0.4519230769230769 0.5661057692307693 0.06009615384615385 0.08413461538461539
1 0.19831730769230768 0.42788461538461536 0.06009615384615385 0.10817307692307693
1 0.25721153846153844 0.3245192307692308 0.055288461538461536 0.09495192307692307
1 0.39302884615384615 0.4326923076923077 0.04567307692307692 0.08413461538461539
1 0.21995192307692307 0.5841346153846154 0.04326923076923077 0.09254807692307693
1 0.12139423076923077 0.3605769230769231 0.04326923076923077 0.06610576923076923
1 0.2704326923076923 0.5889423076923077 0.038461538461538464 0.07451923076923077
1 0.41466346153846156 0.5733173076923077 0.03245192307692308 0.07451923076923077
1 0.8653846153846154 0.052884615384615384 0.08413461538461539 0.1045673076923077