1 0.3605769230769231 0.4795673076923077 0.07451923076923077 0.12860576923076922
1 0.359375 0.3786057692307692 0.046875 0.0829326923076923
1 0.484375 0.29927884615384615 0.07091346153846154 0.11057692307692307
1 0.6057692307692307 0.35697115384615385 0.07211538461538461 0.1310096153846154
1 0.7127403846153846 0.052884615384615384 0.0733173076923077 0.1045673076923077
1 0.8317307692307693 0.17548076923076922 0.1045673076923077 0.15865384615384615
1 0.9242788461538461 0.12980769230769232 0.08173076923076923 0.1622596153846154
1 0.9639423076923077 0.057692307692307696 0.07091346153846154 0.11177884615384616
1 0.5108173076923077 0.7067307692307693 0.051682692307692304 0.0889423076923077
1 0.29927884615384615 0.8834134615384616 0.054086538461538464 0.07451923076923077
1 0.4495192307692308 0.7740384615384616 0.08173076923076923 0.11538461538461539
1 0.08173076923076923 0.18629807692307693 0.0733173076923077 0.12860576923076922
1 0.11177884615384616 0.07451923076923077 0.05889423076923077 0.08052884615384616
1 0.03245192307692308 0.8689903846153846 0.06490384615384616 0.17548076923076922
1 0.8545673076923077 0.49278846153846156 0.05048076923076923 0.08413461538461539