1 0.016826923076923076 0.055288461538461536 0.03365384615384615 0.08774038461538461
1 0.07091346153846154 0.7079326923076923 0.06971153846153846 0.11057692307692307
1 0.24639423076923078 0.4387019230769231 0.056490384615384616 0.08413461538461539
1 0.31850961538461536 0.21153846153846154 0.07932692307692307 0.13581730769230768
1 0.34615384615384615 0.042067307692307696 0.0625 0.08413461538461539
1 0.3269230769230769 0.8737980769230769 0.052884615384615384 0.0673076923076923
1 0.6286057692307693 0.4423076923076923 0.040865384615384616 0.07932692307692307
1 0.6911057692307693 0.8533653846153846 0.03485576923076923 0.07572115384615384
1 0.6935096153846154 0.17427884615384615 0.04326923076923077 0.0889423076923077
1 0.8918269230769231 0.10817307692307693 0.04807692307692308 0.0889423076923077
1 0.8725961538461539 0.05048076923076923 0.040865384615384616 0.054086538461538464
1 0.6502403846153846 0.23918269230769232 0.04326923076923077 0.07932692307692307