1 0.030048076923076924 0.4387019230769231 0.05889423076923077 0.10096153846153846
1 0.07451923076923077 0.828125 0.06610576923076923 0.12740384615384615
1 0.078125 0.953125 0.07572115384615384 0.09134615384615384
1 0.31009615384615385 0.9423076923076923 0.0673076923076923 0.11057692307692307
1 0.36658653846153844 0.84375 0.08173076923076923 0.14302884615384615
1 0.30649038461538464 0.6069711538461539 0.04567307692307692 0.0673076923076923
1 0.3713942307692308 0.296875 0.06610576923076923 0.09615384615384616
1 0.46875 0.203125 0.05048076923076923 0.06971153846153846
1 0.5300480769230769 0.06129807692307692 0.042067307692307696 0.04927884615384615
1 0.5649038461538461 0.20673076923076922 0.03365384615384615 0.04326923076923077
1 0.5492788461538461 0.296875 0.06370192307692307 0.1045673076923077
1 0.6129807692307693 0.2668269230769231 0.06490384615384616 0.10817307692307693
1 0.796875 0.28966346153846156 0.039663461538461536 0.10817307692307693
1 0.8353365384615384 0.3125 0.038461538461538464 0.07451923076923077
1 0.8882211538461539 0.19591346153846154 0.051682692307692304 0.10697115384615384
1 0.6262019230769231 0.45552884615384615 0.04326923076923077 0.07572115384615384
1 0.5180288461538461 0.515625 0.06490384615384616 0.10697115384615384
1 0.5588942307692307 0.5889423076923077 0.056490384615384616 0.10336538461538461
1 0.5240384615384616 0.7091346153846154 0.036057692307692304 0.0733173076923077
1 0.7932692307692307 0.6502403846153846 0.052884615384615384 0.11177884615384616
1 0.9254807692307693 0.7151442307692307 0.04567307692307692 0.09254807692307693
1 0.9591346153846154 0.7680288461538461 0.04567307692307692 0.0889423076923077
1 0.8858173076923077 0.9435096153846154 0.07091346153846154 0.11057692307692307
1 0.5949519230769231 0.9002403846153846 0.051682692307692304 0.09975961538461539
1 0.41346153846153844 0.9074519230769231 0.04447115384615385 0.08774038461538461
1 0.37259615384615385 0.9447115384615384 0.03245192307692308 0.054086538461538464