1 0.14783653846153846 0.18629807692307693 0.052884615384615384 0.09495192307692307
1 0.2764423076923077 0.21754807692307693 0.06490384615384616 0.10336538461538461
1 0.4567307692307692 0.09014423076923077 0.051682692307692304 0.0733173076923077
1 0.5276442307692307 0.22115384615384615 0.06129807692307692 0.1045673076923077
1 0.6442307692307693 0.11899038461538461 0.055288461538461536 0.10336538461538461
1 0.7055288461538461 0.21394230769230768 0.03485576923076923 0.0673076923076923
1 0.90625 0.1658653846153846 0.046875 0.09254807692307693
1 0.9002403846153846 0.3786057692307692 0.052884615384615384 0.09134615384615384
1 0.7235576923076923 0.5420673076923077 0.06850961538461539 0.11658653846153846
1 0.5552884615384616 0.5348557692307693 0.06490384615384616 0.11778846153846154
1 0.43509615384615385 0.6045673076923077 0.06490384615384616 0.1201923076923077
1 0.49759615384615385 0.6574519230769231 0.06370192307692307 0.1141826923076923
1 0.13701923076923078 0.7091346153846154 0.051682692307692304 0.0829326923076923
1 0.109375 0.5492788461538461 0.054086538461538464 0.08173076923076923
1 0.5528846153846154 0.9615384615384616 0.06370192307692307 0.07572115384615384