1 0.4831730769230769 0.6550480769230769 0.078125 0.1346153846153846
1 0.22235576923076922 0.5673076923076923 0.08173076923076923 0.1466346153846154
1 0.7740384615384616 0.5108173076923077 0.07572115384615384 0.1466346153846154
1 0.11298076923076923 0.7367788461538461 0.0625 0.12379807692307693
1 0.7872596153846154 0.6838942307692307 0.0625 0.11658653846153846
1 0.6634615384615384 0.9314903846153846 0.05889423076923077 0.10336538461538461
1 0.24639423076923078 0.29086538461538464 0.07451923076923077 0.125
1 0.2860576923076923 0.8605769230769231 0.07572115384615384 0.12740384615384615
1 0.8401442307692307 0.2860576923076923 0.055288461538461536 0.09735576923076923
1 0.6670673076923077 0.46033653846153844 0.07451923076923077 0.14302884615384615
1 0.3137019230769231 0.6742788461538461 0.0733173076923077 0.12740384615384615
1 0.6959134615384616 0.38341346153846156 0.07451923076923077 0.12259615384615384
1 0.8918269230769231 0.18509615384615385 0.052884615384615384 0.09254807692307693