1 0.3016826923076923 0.8100961538461539 0.09375 0.15625
1 0.1875 0.8978365384615384 0.09615384615384616 0.18629807692307693
1 0.625 0.7668269230769231 0.0829326923076923 0.15384615384615385
1 0.5685096153846154 0.453125 0.07572115384615384 0.1346153846153846
1 0.8774038461538461 0.4098557692307692 0.06129807692307692 0.12860576923076922
1 0.05048076923076923 0.2608173076923077 0.078125 0.13822115384615385
1 0.7175480769230769 0.7908653846153846 0.06850961538461539 0.11899038461538461
1 0.10096153846153846 0.33774038461538464 0.0829326923076923 0.12860576923076922
1 0.7391826923076923 0.453125 0.04567307692307692 0.0889423076923077
1 0.90625 0.9483173076923077 0.06850961538461539 0.09014423076923077
1 0.90625 0.5096153846153846 0.052884615384615384 0.10096153846153846
1 0.8209134615384616 0.3629807692307692 0.06009615384615385 0.11658653846153846
1 0.24879807692307693 0.2800480769230769 0.07451923076923077 0.13701923076923078
1 0.9615384615384616 0.2644230769230769 0.057692307692307696 0.11298076923076923
1 0.875 0.6995192307692307 0.07451923076923077 0.140625
1 0.8125 0.23918269230769232 0.056490384615384616 0.08533653846153846
1 0.38341346153846156 0.34134615384615385 0.05048076923076923 0.0985576923076923
1 0.6658653846153846 0.05889423076923077 0.0733173076923077 0.11057692307692307
1 0.7980769230769231 0.042067307692307696 0.056490384615384616 0.0829326923076923