1 0.06850961538461539 0.054086538461538464 0.06850961538461539 0.1045673076923077
1 0.2668269230769231 0.10216346153846154 0.04447115384615385 0.0673076923076923
1 0.3954326923076923 0.07692307692307693 0.039663461538461536 0.07091346153846154
1 0.5012019230769231 0.0673076923076923 0.04326923076923077 0.0673076923076923
1 0.5120192307692307 0.02403846153846154 0.04567307692307692 0.04807692307692308
1 0.5913461538461539 0.1201923076923077 0.04326923076923077 0.0733173076923077
1 0.6899038461538461 0.21033653846153846 0.039663461538461536 0.07211538461538461
1 0.625 0.27884615384615385 0.036057692307692304 0.06490384615384616
1 0.5276442307692307 0.18990384615384615 0.040865384615384616 0.0733173076923077
1 0.5432692307692307 0.23557692307692307 0.030048076923076924 0.052884615384615384
1 0.3713942307692308 0.2824519230769231 0.05889423076923077 0.0985576923076923
1 0.09254807692307693 0.36778846153846156 0.052884615384615384 0.07932692307692307
1 0.057692307692307696 0.4387019230769231 0.06370192307692307 0.09615384615384616
1 0.12740384615384615 0.4543269230769231 0.04326923076923077 0.06129807692307692
1 0.46033653846153844 0.6153846153846154 0.04447115384615385 0.07692307692307693
1 0.4362980769230769 0.8798076923076923 0.05889423076923077 0.11899038461538461
1 0.036057692307692304 0.9555288461538461 0.07211538461538461 0.08413461538461539