1 0.5576923076923077 0.5120192307692307 0.08413461538461539 0.14903846153846154
1 0.22115384615384615 0.7367788461538461 0.078125 0.1310096153846154
1 0.8233173076923077 0.2692307692307692 0.06971153846153846 0.12259615384615384
1 0.3329326923076923 0.515625 0.078125 0.15144230769230768
1 0.5072115384615384 0.42788461538461536 0.07451923076923077 0.1310096153846154
1 0.07692307692307693 0.4110576923076923 0.08173076923076923 0.17307692307692307
1 0.6646634615384616 0.47716346153846156 0.04447115384615385 0.078125
1 0.2668269230769231 0.8617788461538461 0.06009615384615385 0.11177884615384616
1 0.7331730769230769 0.29086538461538464 0.054086538461538464 0.09615384615384616
1 0.5564903846153846 0.07572115384615384 0.06490384615384616 0.1045673076923077
1 0.43990384615384615 0.8774038461538461 0.052884615384615384 0.09134615384615384
1 0.30288461538461536 0.27163461538461536 0.054086538461538464 0.0985576923076923
1 0.23076923076923078 0.05048076923076923 0.07211538461538461 0.10096153846153846
1 0.27403846153846156 0.35336538461538464 0.03125 0.05889423076923077
1 0.2668269230769231 0.47475961538461536 0.051682692307692304 0.12259615384615384
1 0.19471153846153846 0.8882211538461539 0.09495192307692307 0.15985576923076922
1 0.6129807692307693 0.6334134615384616 0.06009615384615385 0.1310096153846154
1 0.65625 0.6670673076923077 0.055288461538461536 0.11538461538461539
1 0.8629807692307693 0.14903846153846154 0.039663461538461536 0.06971153846153846