1 0.20192307692307693 0.20432692307692307 0.051682692307692304 0.08173076923076923
1 0.11057692307692307 0.30288461538461536 0.0733173076923077 0.11658653846153846
1 0.328125 0.5721153846153846 0.07451923076923077 0.1346153846153846
1 0.46634615384615385 0.24639423076923078 0.06370192307692307 0.0985576923076923
1 0.46875 0.3605769230769231 0.0673076923076923 0.10336538461538461
1 0.4411057692307692 0.5252403846153846 0.0673076923076923 0.12620192307692307
1 0.5288461538461539 0.5516826923076923 0.0673076923076923 0.12259615384615384
1 0.5036057692307693 0.8870192307692307 0.06009615384615385 0.12379807692307693
1 0.5793269230769231 0.6069711538461539 0.04447115384615385 0.09375
1 0.8197115384615384 0.7379807692307693 0.06129807692307692 0.11899038461538461
1 0.625 0.0625 0.05048076923076923 0.09134615384615384
1 0.7848557692307693 0.30649038461538464 0.04927884615384615 0.08533653846153846
1 0.9254807692307693 0.35336538461538464 0.057692307692307696 0.09375
1 0.7055288461538461 0.7403846153846154 0.03125 0.0625
1 0.6021634615384616 0.6935096153846154 0.04567307692307692 0.0733173076923077
1 0.6971153846153846 0.6298076923076923 0.04326923076923077 0.0673076923076923
1 0.6225961538461539 0.5709134615384616 0.028846153846153848 0.052884615384615384