1 0.3485576923076923 0.7175480769230769 0.0829326923076923 0.1466346153846154
1 0.15384615384615385 0.6550480769230769 0.05889423076923077 0.11177884615384616
1 0.6754807692307693 0.23677884615384615 0.05048076923076923 0.10216346153846154
1 0.390625 0.16105769230769232 0.052884615384615384 0.10336538461538461
1 0.0829326923076923 0.20793269230769232 0.04927884615384615 0.08653846153846154
1 0.03485576923076923 0.6947115384615384 0.057692307692307696 0.11057692307692307
1 0.2932692307692308 0.6213942307692307 0.06971153846153846 0.125
1 0.2860576923076923 0.8329326923076923 0.05889423076923077 0.12139423076923077
1 0.18629807692307693 0.9170673076923077 0.056490384615384616 0.11538461538461539
1 0.04567307692307692 0.8449519230769231 0.05048076923076923 0.0829326923076923
1 0.1658653846153846 0.4699519230769231 0.052884615384615384 0.10216346153846154
1 0.09375 0.12259615384615384 0.038461538461538464 0.06009615384615385
1 0.125 0.9651442307692307 0.05048076923076923 0.0673076923076923
1 0.4675480769230769 0.052884615384615384 0.05048076923076923 0.08653846153846154
1 0.5709134615384616 0.03365384615384615 0.04447115384615385 0.0673076923076923