1 0.5072115384615384 0.6358173076923077 0.06971153846153846 0.12740384615384615
1 0.8221153846153846 0.4651442307692308 0.07451923076923077 0.12379807692307693
1 0.5192307692307693 0.49158653846153844 0.06490384615384616 0.11057692307692307
1 0.6358173076923077 0.8653846153846154 0.06490384615384616 0.13942307692307693
1 0.16826923076923078 0.5600961538461539 0.06129807692307692 0.12860576923076922
1 0.5300480769230769 0.23557692307692307 0.05048076923076923 0.10096153846153846
1 0.15144230769230768 0.38822115384615385 0.06610576923076923 0.11538461538461539
1 0.28125 0.3954326923076923 0.06370192307692307 0.1141826923076923
1 0.9507211538461539 0.484375 0.054086538461538464 0.11177884615384616
1 0.22115384615384615 0.140625 0.06971153846153846 0.10336538461538461
1 0.8834134615384616 0.5841346153846154 0.05048076923076923 0.09495192307692307
1 0.3317307692307692 0.8473557692307693 0.06129807692307692 0.10336538461538461
1 0.8100961538461539 0.078125 0.05889423076923077 0.10576923076923077
1 0.41947115384615385 0.5120192307692307 0.054086538461538464 0.09375
1 0.46634615384615385 0.4543269230769231 0.05889423076923077 0.11057692307692307
1 0.41586538461538464 0.41466346153846156 0.06009615384615385 0.1141826923076923
1 0.5865384615384616 0.11057692307692307 0.06850961538461539 0.10336538461538461
1 0.5612980769230769 0.04567307692307692 0.057692307692307696 0.09134615384615384
1 0.7175480769230769 0.025240384615384616 0.051682692307692304 0.05048076923076923
1 0.9459134615384616 0.875 0.051682692307692304 0.09014423076923077
1 0.8978365384615384 0.49399038461538464 0.055288461538461536 0.09014423076923077