1 0.18028846153846154 0.6826923076923077 0.08173076923076923 0.13942307692307693
1 0.5012019230769231 0.6850961538461539 0.06971153846153846 0.1310096153846154
1 0.3557692307692308 0.27163461538461536 0.06971153846153846 0.12139423076923077
1 0.6850961538461539 0.5360576923076923 0.05889423076923077 0.10576923076923077
1 0.5456730769230769 0.7704326923076923 0.057692307692307696 0.10817307692307693
1 0.4579326923076923 0.2824519230769231 0.06129807692307692 0.10817307692307693
1 0.46875 0.6153846153846154 0.05889423076923077 0.10697115384615384
1 0.47115384615384615 0.4879807692307692 0.055288461538461536 0.09014423076923077
1 0.6129807692307693 0.5372596153846154 0.057692307692307696 0.109375
1 0.38100961538461536 0.6935096153846154 0.05048076923076923 0.09134615384615384
1 0.4831730769230769 0.9483173076923077 0.07091346153846154 0.10216346153846154
1 0.6766826923076923 0.9194711538461539 0.06610576923076923 0.10817307692307693
1 0.7980769230769231 0.9447115384615384 0.0733173076923077 0.0829326923076923
1 0.6370192307692307 0.09615384615384616 0.056490384615384616 0.07572115384615384
1 0.25600961538461536 0.875 0.057692307692307696 0.0829326923076923