1 0.09735576923076923 0.45913461538461536 0.078125 0.1346153846153846
1 0.47115384615384615 0.9086538461538461 0.09014423076923077 0.15504807692307693
1 0.3954326923076923 0.6081730769230769 0.08413461538461539 0.1502403846153846
1 0.09375 0.7752403846153846 0.08173076923076923 0.1466346153846154
1 0.26322115384615385 0.5901442307692307 0.07451923076923077 0.13701923076923078
1 0.5745192307692307 0.7223557692307693 0.0673076923076923 0.11538461538461539
1 0.7980769230769231 0.6310096153846154 0.0625 0.1201923076923077
1 0.1201923076923077 0.9314903846153846 0.07091346153846154 0.12259615384615384
1 0.21754807692307693 0.328125 0.07091346153846154 0.12259615384615384
1 0.6887019230769231 0.9350961538461539 0.051682692307692304 0.09375
1 0.8569711538461539 0.3557692307692308 0.054086538461538464 0.09014423076923077
1 0.25600961538461536 0.49038461538461536 0.052884615384615384 0.08173076923076923
1 0.4182692307692308 0.055288461538461536 0.07211538461538461 0.11057692307692307
1 0.15504807692307693 0.09735576923076923 0.057692307692307696 0.08774038461538461