1 0.7283653846153846 0.4230769230769231 0.09254807692307693 0.15865384615384615
1 0.9002403846153846 0.29447115384615385 0.09375 0.18028846153846154
1 0.7836538461538461 0.625 0.078125 0.14543269230769232
1 0.40384615384615385 0.8990384615384616 0.06009615384615385 0.109375
1 0.6442307692307693 0.1778846153846154 0.0673076923076923 0.11899038461538461
1 0.6117788461538461 0.5901442307692307 0.052884615384615384 0.09735576923076923
1 0.5048076923076923 0.8545673076923077 0.05889423076923077 0.10576923076923077
1 0.6189903846153846 0.32211538461538464 0.06009615384615385 0.11177884615384616
1 0.4182692307692308 0.3137019230769231 0.04447115384615385 0.0889423076923077
1 0.44350961538461536 0.7235576923076923 0.04567307692307692 0.078125
1 0.5600961538461539 0.22596153846153846 0.055288461538461536 0.10216346153846154
1 0.8197115384615384 0.11899038461538461 0.11057692307692307 0.16105769230769232
1 0.3473557692307692 0.6766826923076923 0.056490384615384616 0.10096153846153846
1 0.5276442307692307 0.40024038461538464 0.054086538461538464 0.10216346153846154
1 0.33653846153846156 0.7716346153846154 0.04807692307692308 0.09014423076923077
1 0.6382211538461539 0.4483173076923077 0.051682692307692304 0.09975961538461539
1 0.9783653846153846 0.40384615384615385 0.039663461538461536 0.11899038461538461
1 0.2644230769230769 0.4675480769230769 0.055288461538461536 0.08653846153846154
1 0.27524038461538464 0.5024038461538461 0.05048076923076923 0.06490384615384616
1 0.6225961538461539 0.8401442307692307 0.04567307692307692 0.078125
1 0.6382211538461539 0.8918269230769231 0.04447115384615385 0.06610576923076923
1 0.5432692307692307 0.5504807692307693 0.038461538461538464 0.08173076923076923
1 0.5012019230769231 0.49158653846153844 0.04567307692307692 0.07451923076923077