1 0.34975961538461536 0.515625 0.0733173076923077 0.12740384615384615
1 0.8966346153846154 0.43990384615384615 0.06490384615384616 0.12379807692307693
1 0.5793269230769231 0.7475961538461539 0.06971153846153846 0.11899038461538461
1 0.09014423076923077 0.36177884615384615 0.07091346153846154 0.12139423076923077
1 0.5564903846153846 0.39783653846153844 0.07211538461538461 0.1346153846153846
1 0.46634615384615385 0.23076923076923078 0.07211538461538461 0.11177884615384616
1 0.45913461538461536 0.41346153846153844 0.078125 0.13822115384615385
1 0.6129807692307693 0.42908653846153844 0.06009615384615385 0.10096153846153846
1 0.44471153846153844 0.11057692307692307 0.06610576923076923 0.11538461538461539
1 0.15384615384615385 0.22235576923076922 0.04927884615384615 0.08533653846153846
1 0.6105769230769231 0.8737980769230769 0.04927884615384615 0.11778846153846154
1 0.7740384615384616 0.5024038461538461 0.040865384615384616 0.078125
1 0.7439903846153846 0.39663461538461536 0.04807692307692308 0.0889423076923077
1 0.6538461538461539 0.5036057692307693 0.04807692307692308 0.0829326923076923