1 0.21995192307692307 0.7271634615384616 0.057692307692307696 0.11658653846153846
1 0.41346153846153844 0.9230769230769231 0.0889423076923077 0.15264423076923078
1 0.8449519230769231 0.5865384615384616 0.06129807692307692 0.10336538461538461
1 0.8100961538461539 0.5336538461538461 0.04807692307692308 0.06610576923076923
1 0.7415865384615384 0.4411057692307692 0.055288461538461536 0.08653846153846154
1 0.5865384615384616 0.29086538461538464 0.06009615384615385 0.08173076923076923
1 0.6418269230769231 0.27403846153846156 0.052884615384615384 0.1045673076923077
1 0.7331730769230769 0.18269230769230768 0.05889423076923077 0.09375
1 0.7175480769230769 0.08052884615384616 0.04807692307692308 0.08533653846153846
1 0.8341346153846154 0.1622596153846154 0.04927884615384615 0.08774038461538461
1 0.10216346153846154 0.33774038461538464 0.04927884615384615 0.07091346153846154