1 0.2536057692307692 0.3701923076923077 0.057692307692307696 0.08533653846153846
1 0.22596153846153846 0.49158653846153844 0.056490384615384616 0.08533653846153846
1 0.09254807692307693 0.9038461538461539 0.054086538461538464 0.10216346153846154
1 0.28125 0.9026442307692307 0.039663461538461536 0.07692307692307693
1 0.46634615384615385 0.7716346153846154 0.06610576923076923 0.11658653846153846
1 0.41225961538461536 0.3762019230769231 0.05889423076923077 0.09254807692307693
1 0.4987980769230769 0.2608173076923077 0.056490384615384616 0.08533653846153846
1 0.5697115384615384 0.24759615384615385 0.056490384615384616 0.08173076923076923
1 0.6766826923076923 0.24158653846153846 0.057692307692307696 0.10096153846153846
1 0.7584134615384616 0.27283653846153844 0.039663461538461536 0.0673076923076923
1 0.7199519230769231 0.5877403846153846 0.04807692307692308 0.09254807692307693
1 0.6382211538461539 0.042067307692307696 0.051682692307692304 0.07692307692307693
1 0.34975961538461536 0.06129807692307692 0.025240384615384616 0.051682692307692304
1 0.3786057692307692 0.057692307692307696 0.026442307692307692 0.04567307692307692