1 0.49158653846153844 0.7223557692307693 0.09375 0.16346153846153846
1 0.5745192307692307 0.3762019230769231 0.09975961538461539 0.16466346153846154
1 0.6213942307692307 0.6105769230769231 0.10096153846153846 0.19230769230769232
1 0.41947115384615385 0.4519230769230769 0.06009615384615385 0.12740384615384615
1 0.5697115384615384 0.8942307692307693 0.08533653846153846 0.1466346153846154
1 0.7728365384615384 0.6478365384615384 0.0733173076923077 0.13341346153846154
1 0.9471153846153846 0.2860576923076923 0.06610576923076923 0.11899038461538461
1 0.6550480769230769 0.16105769230769232 0.08052884615384616 0.16346153846153846
1 0.14543269230769232 0.28725961538461536 0.056490384615384616 0.11177884615384616
1 0.38100961538461536 0.6274038461538461 0.05889423076923077 0.11778846153846154
1 0.3389423076923077 0.5084134615384616 0.051682692307692304 0.1141826923076923
1 0.3125 0.7043269230769231 0.06370192307692307 0.10817307692307693
1 0.4182692307692308 0.8641826923076923 0.06009615384615385 0.09495192307692307
1 0.20552884615384615 0.6225961538461539 0.040865384615384616 0.0829326923076923
1 0.9254807692307693 0.08052884615384616 0.07451923076923077 0.12860576923076922
1 0.41466346153846156 0.7403846153846154 0.04807692307692308 0.10576923076923077
1 0.2764423076923077 0.8076923076923077 0.056490384615384616 0.0829326923076923
1 0.07572115384615384 0.7668269230769231 0.05048076923076923 0.08173076923076923
1 0.15625 0.13221153846153846 0.051682692307692304 0.09495192307692307
1 0.3425480769230769 0.04927884615384615 0.055288461538461536 0.09254807692307693
1 0.35096153846153844 0.8233173076923077 0.046875 0.0985576923076923
1 0.06850961538461539 0.8197115384615384 0.042067307692307696 0.06009615384615385