1 0.8149038461538461 0.7716346153846154 0.06490384615384616 0.11057692307692307
1 0.36778846153846156 0.671875 0.0625 0.10336538461538461
1 0.9495192307692307 0.4254807692307692 0.052884615384615384 0.09735576923076923
1 0.8713942307692307 0.41586538461538464 0.0625 0.11177884615384616
1 0.96875 0.5949519230769231 0.052884615384615384 0.09735576923076923
1 0.6911057692307693 0.47596153846153844 0.051682692307692304 0.09014423076923077
1 0.32572115384615385 0.3786057692307692 0.06610576923076923 0.1045673076923077
1 0.8269230769230769 0.42788461538461536 0.04927884615384615 0.08653846153846154
1 0.5757211538461539 0.4110576923076923 0.04567307692307692 0.09735576923076923
1 0.47475961538461536 0.36538461538461536 0.05889423076923077 0.10576923076923077
1 0.47716346153846156 0.23798076923076922 0.05048076923076923 0.08774038461538461
1 0.7824519230769231 0.1935096153846154 0.04807692307692308 0.08052884615384616
1 0.90625 0.23557692307692307 0.054086538461538464 0.0625
1 0.5084134615384616 0.20432692307692307 0.037259615384615384 0.07091346153846154
1 0.19230769230769232 0.15264423076923078 0.04447115384615385 0.07091346153846154