1 0.6382211538461539 0.484375 0.07692307692307693 0.1310096153846154
1 0.21875 0.5612980769230769 0.10336538461538461 0.18389423076923078
1 0.31971153846153844 0.328125 0.0889423076923077 0.15985576923076922
1 0.17908653846153846 0.8485576923076923 0.10576923076923077 0.203125
1 0.42908653846153844 0.8521634615384616 0.07932692307692307 0.14302884615384615
1 0.07211538461538461 0.6129807692307693 0.05889423076923077 0.13221153846153846
1 0.6370192307692307 0.26322115384615385 0.07451923076923077 0.1346153846153846
1 0.23076923076923078 0.07692307692307693 0.05889423076923077 0.11538461538461539
1 0.8629807692307693 0.6766826923076923 0.057692307692307696 0.10336538461538461
1 0.037259615384615384 0.17548076923076922 0.057692307692307696 0.10697115384615384
1 0.7668269230769231 0.5661057692307693 0.08173076923076923 0.2091346153846154
1 0.8137019230769231 0.23557692307692307 0.055288461538461536 0.09495192307692307
1 0.8990384615384616 0.17548076923076922 0.04927884615384615 0.0889423076923077
1 0.765625 0.5985576923076923 0.08413461538461539 0.1201923076923077
1 0.5588942307692307 0.07211538461538461 0.09735576923076923 0.1346153846153846
1 0.90625 0.9675480769230769 0.04807692307692308 0.05048076923076923
1 0.109375 0.921875 0.10697115384615384 0.15504807692307693
1 0.9819711538461539 0.37740384615384615 0.03485576923076923 0.0985576923076923
1 0.96875 0.07692307692307693 0.03365384615384615 0.0733173076923077
1 0.8978365384615384 0.026442307692307692 0.052884615384615384 0.051682692307692304
1 0.9867788461538461 0.04807692307692308 0.02403846153846154 0.078125