1 0.8173076923076923 0.47836538461538464 0.0733173076923077 0.13701923076923078
1 0.13822115384615385 0.8665865384615384 0.08173076923076923 0.15144230769230768
1 0.7163461538461539 0.8954326923076923 0.06971153846153846 0.1346153846153846
1 0.90625 0.8100961538461539 0.06971153846153846 0.12139423076923077
1 0.28725961538461536 0.36778846153846156 0.07451923076923077 0.11899038461538461
1 0.27403846153846156 0.5024038461538461 0.06971153846153846 0.11298076923076923
1 0.5576923076923077 0.609375 0.0829326923076923 0.16105769230769232
1 0.5456730769230769 0.3125 0.051682692307692304 0.08653846153846154
1 0.4879807692307692 0.6514423076923077 0.06490384615384616 0.1141826923076923
1 0.30528846153846156 0.9086538461538461 0.056490384615384616 0.11538461538461539
1 0.16466346153846154 0.15144230769230768 0.0625 0.0985576923076923
1 0.7944711538461539 0.36658653846153844 0.07572115384615384 0.11899038461538461
1 0.4375 0.6730769230769231 0.054086538461538464 0.08774038461538461
1 0.7956730769230769 0.7764423076923077 0.057692307692307696 0.10216346153846154
1 0.765625 0.5973557692307693 0.054086538461538464 0.10096153846153846
1 0.6045673076923077 0.6838942307692307 0.051682692307692304 0.09254807692307693
1 0.8774038461538461 0.17548076923076922 0.078125 0.140625
1 0.2644230769230769 0.8810096153846154 0.05048076923076923 0.07692307692307693
1 0.9471153846153846 0.16706730769230768 0.06971153846153846 0.13701923076923078
1 0.921875 0.38221153846153844 0.06971153846153846 0.11538461538461539
1 0.4014423076923077 0.9603365384615384 0.06009615384615385 0.06129807692307692
1 0.46274038461538464 0.8605769230769231 0.056490384615384616 0.09014423076923077
1 0.5456730769230769 0.6983173076923077 0.04326923076923077 0.06490384615384616
1 0.6778846153846154 0.04326923076923077 0.07211538461538461 0.08653846153846154