1 0.08653846153846154 0.2536057692307692 0.051682692307692304 0.10336538461538461
1 0.1201923076923077 0.375 0.06490384615384616 0.12139423076923077
1 0.07572115384615384 0.41586538461538464 0.05048076923076923 0.11177884615384616
1 0.23798076923076922 0.4519230769230769 0.055288461538461536 0.1045673076923077
1 0.3293269230769231 0.7680288461538461 0.0625 0.11057692307692307
1 0.38341346153846156 0.6634615384615384 0.0625 0.11057692307692307
1 0.47716346153846156 0.6430288461538461 0.055288461538461536 0.10336538461538461
1 0.5384615384615384 0.6033653846153846 0.055288461538461536 0.10096153846153846
1 0.4375 0.43149038461538464 0.04326923076923077 0.08052884615384616
1 0.44711538461538464 0.22956730769230768 0.03485576923076923 0.07572115384615384
1 0.3088942307692308 0.05889423076923077 0.06370192307692307 0.08774038461538461
1 0.37740384615384615 0.08052884615384616 0.040865384615384616 0.08774038461538461
1 0.35216346153846156 0.037259615384615384 0.040865384615384616 0.0733173076923077
1 0.5288461538461539 0.0673076923076923 0.05048076923076923 0.07091346153846154
1 0.5360576923076923 0.09615384615384616 0.052884615384615384 0.08413461538461539
1 0.6033653846153846 0.08774038461538461 0.038461538461538464 0.06490384615384616
1 0.703125 0.06370192307692307 0.04326923076923077 0.078125
1 0.6875 0.16346153846153846 0.04447115384615385 0.07692307692307693
1 0.7379807692307693 0.24519230769230768 0.036057692307692304 0.07211538461538461
1 0.6911057692307693 0.265625 0.04447115384615385 0.08173076923076923
1 0.7055288461538461 0.296875 0.03365384615384615 0.06009615384615385
1 0.8257211538461539 0.140625 0.04326923076923077 0.07932692307692307
1 0.8269230769230769 0.23918269230769232 0.03485576923076923 0.0673076923076923
1 0.5793269230769231 0.4567307692307692 0.054086538461538464 0.09975961538461539
1 0.7716346153846154 0.9507211538461539 0.028846153846153848 0.09375
1 0.5721153846153846 0.026442307692307692 0.036057692307692304 0.051682692307692304
1 0.5180288461538461 0.17548076923076922 0.03245192307692308 0.056490384615384616
1 0.5588942307692307 0.8040865384615384 0.056490384615384616 0.10096153846153846