1 0.43149038461538464 0.46153846153846156 0.0673076923076923 0.10576923076923077
1 0.24278846153846154 0.6177884615384616 0.0625 0.10697115384615384
1 0.23076923076923078 0.4519230769230769 0.051682692307692304 0.09735576923076923
1 0.4206730769230769 0.21995192307692307 0.057692307692307696 0.09615384615384616
1 0.4387019230769231 0.12259615384615384 0.04326923076923077 0.06370192307692307
1 0.28125 0.04927884615384615 0.04326923076923077 0.06490384615384616
1 0.2620192307692308 0.0985576923076923 0.03245192307692308 0.04807692307692308
1 0.5973557692307693 0.036057692307692304 0.054086538461538464 0.07091346153846154
1 0.7920673076923077 0.04927884615384615 0.04326923076923077 0.057692307692307696
1 0.8052884615384616 0.14543269230769232 0.042067307692307696 0.056490384615384616
1 0.7920673076923077 0.203125 0.05889423076923077 0.09014423076923077
1 0.9459134615384616 0.2704326923076923 0.04567307692307692 0.08173076923076923
1 0.8930288461538461 0.5697115384615384 0.04807692307692308 0.08774038461538461
1 0.875 0.5 0.038461538461538464 0.06850961538461539
1 0.6706730769230769 0.5012019230769231 0.051682692307692304 0.10216346153846154
1 0.609375 0.38341346153846156 0.04927884615384615 0.078125
1 0.6213942307692307 0.7103365384615384 0.05048076923076923 0.08173076923076923
1 0.5120192307692307 0.7271634615384616 0.05048076923076923 0.09254807692307693
1 0.3870192307692308 0.8557692307692307 0.04807692307692308 0.08774038461538461
1 0.27524038461538464 0.8918269230769231 0.055288461538461536 0.09615384615384616
1 0.8677884615384616 0.7644230769230769 0.038461538461538464 0.08413461538461539
1 0.9110576923076923 0.78125 0.030048076923076924 0.078125
1 0.9759615384615384 0.5612980769230769 0.04326923076923077 0.09014423076923077
1 0.5564903846153846 0.5588942307692307 0.04326923076923077 0.08173076923076923
1 0.8834134615384616 0.9759615384615384 0.05048076923076923 0.04326923076923077
1 0.2920673076923077 0.8377403846153846 0.028846153846153848 0.046875