1 0.42788461538461536 0.5745192307692307 0.056490384615384616 0.10096153846153846
1 0.5168269230769231 0.47115384615384615 0.05889423076923077 0.12259615384615384
1 0.6237980769230769 0.5420673076923077 0.056490384615384616 0.09975961538461539
1 0.5600961538461539 0.7067307692307693 0.05889423076923077 0.10576923076923077
1 0.7439903846153846 0.5769230769230769 0.06370192307692307 0.11538461538461539
1 0.7908653846153846 0.9278846153846154 0.05048076923076923 0.09375
1 0.9483173076923077 0.7331730769230769 0.055288461538461536 0.10096153846153846
1 0.9579326923076923 0.5697115384615384 0.06009615384615385 0.12860576923076922
1 0.8978365384615384 0.4831730769230769 0.05048076923076923 0.0889423076923077
1 0.9230769230769231 0.41225961538461536 0.055288461538461536 0.09615384615384616
1 0.5757211538461539 0.23317307692307693 0.06129807692307692 0.09134615384615384
1 0.7584134615384616 0.055288461538461536 0.057692307692307696 0.09254807692307693