1 0.10336538461538461 0.4206730769230769 0.05889423076923077 0.09134615384615384
1 0.025240384615384616 0.7920673076923077 0.05048076923076923 0.12259615384615384
1 0.2800480769230769 0.4110576923076923 0.04807692307692308 0.078125
1 0.36658653846153844 0.4723557692307692 0.055288461538461536 0.09134615384615384
1 0.24158653846153846 0.6298076923076923 0.039663461538461536 0.06971153846153846
1 0.3473557692307692 0.8365384615384616 0.07211538461538461 0.11057692307692307
1 0.24759615384615385 0.9591346153846154 0.057692307692307696 0.07932692307692307
1 0.4891826923076923 0.7427884615384616 0.04807692307692308 0.08774038461538461
1 0.5288461538461539 0.6237980769230769 0.052884615384615384 0.07572115384615384
1 0.5973557692307693 0.5901442307692307 0.05048076923076923 0.09134615384615384
1 0.5564903846153846 0.8713942307692307 0.038461538461538464 0.08173076923076923
1 0.703125 0.9014423076923077 0.04447115384615385 0.0889423076923077
1 0.8028846153846154 0.6742788461538461 0.04807692307692308 0.09375
1 0.8052884615384616 0.5420673076923077 0.051682692307692304 0.08774038461538461
1 0.9098557692307693 0.47716346153846156 0.04447115384615385 0.09615384615384616
1 0.6634615384615384 0.3293269230769231 0.057692307692307696 0.09495192307692307
1 0.7704326923076923 0.40024038461538464 0.04326923076923077 0.08173076923076923
1 0.8112980769230769 0.13221153846153846 0.055288461538461536 0.0889423076923077
1 0.9074519230769231 0.09735576923076923 0.04807692307692308 0.08774038461538461
1 0.5348557692307693 0.19471153846153846 0.04807692307692308 0.06850961538461539
1 0.5384615384615384 0.13221153846153846 0.04807692307692308 0.06129807692307692
1 0.6694711538461539 0.06610576923076923 0.04447115384615385 0.07572115384615384
1 0.40865384615384615 0.09975961538461539 0.042067307692307696 0.06610576923076923