1 0.15985576923076922 0.055288461538461536 0.056490384615384616 0.08052884615384616
1 0.21394230769230768 0.036057692307692304 0.04927884615384615 0.07211538461538461
1 0.03245192307692308 0.2980769230769231 0.06009615384615385 0.07572115384615384
1 0.2848557692307692 0.18028846153846154 0.04567307692307692 0.07572115384615384
1 0.26802884615384615 0.3076923076923077 0.04927884615384615 0.08173076923076923
1 0.04326923076923077 0.4387019230769231 0.04447115384615385 0.06129807692307692
1 0.028846153846153848 0.6177884615384616 0.057692307692307696 0.125
1 0.26322115384615385 0.5673076923076923 0.06129807692307692 0.08413461538461539
1 0.203125 0.8185096153846154 0.06490384615384616 0.1201923076923077
1 0.19591346153846154 0.9435096153846154 0.0733173076923077 0.11057692307692307
1 0.3293269230769231 0.6586538461538461 0.04807692307692308 0.08052884615384616
1 0.36538461538461536 0.7752403846153846 0.056490384615384616 0.09975961538461539
1 0.5264423076923077 0.9471153846153846 0.04807692307692308 0.10096153846153846
1 0.4987980769230769 0.5036057692307693 0.04927884615384615 0.08774038461538461
1 0.5348557692307693 0.2860576923076923 0.06490384615384616 0.11899038461538461
1 0.5420673076923077 0.11538461538461539 0.051682692307692304 0.08533653846153846
1 0.5697115384615384 0.036057692307692304 0.05889423076923077 0.07091346153846154
1 0.6526442307692307 0.4026442307692308 0.03485576923076923 0.057692307692307696
1 0.8413461538461539 0.203125 0.039663461538461536 0.07572115384615384
1 0.9591346153846154 0.07091346153846154 0.03125 0.05048076923076923
1 0.796875 0.45552884615384615 0.03485576923076923 0.078125
1 0.8257211538461539 0.8137019230769231 0.03365384615384615 0.06009615384615385
1 0.8040865384615384 0.2692307692307692 0.037259615384615384 0.06971153846153846