1 0.22355769230769232 0.28846153846153844 0.06610576923076923 0.10697115384615384
1 0.41346153846153844 0.5949519230769231 0.052884615384615384 0.10576923076923077
1 0.3713942307692308 0.9350961538461539 0.08413461538461539 0.12740384615384615
1 0.5384615384615384 0.9362980769230769 0.057692307692307696 0.11057692307692307
1 0.6742788461538461 0.7115384615384616 0.0733173076923077 0.13701923076923078
1 0.7403846153846154 0.7163461538461539 0.051682692307692304 0.10576923076923077
1 0.7992788461538461 0.7536057692307693 0.06610576923076923 0.11899038461538461
1 0.33774038461538464 0.14543269230769232 0.0673076923076923 0.1141826923076923
1 0.41466346153846156 0.15625 0.04567307692307692 0.06971153846153846
1 0.4519230769230769 0.10817307692307693 0.03485576923076923 0.0625
1 0.7524038461538461 0.08653846153846154 0.056490384615384616 0.0889423076923077
1 0.8137019230769231 0.11899038461538461 0.057692307692307696 0.1045673076923077
1 0.9411057692307693 0.6165865384615384 0.028846153846153848 0.08774038461538461
1 0.8485576923076923 0.6923076923076923 0.039663461538461536 0.0829326923076923