1 0.46875 0.20673076923076922 0.05889423076923077 0.1310096153846154
1 0.3173076923076923 0.8449519230769231 0.052884615384615384 0.11298076923076923
1 0.6526442307692307 0.1141826923076923 0.04927884615384615 0.10336538461538461
1 0.6153846153846154 0.2403846153846154 0.055288461538461536 0.09375
1 0.1875 0.042067307692307696 0.042067307692307696 0.08413461538461539
1 0.359375 0.16346153846153846 0.06971153846153846 0.10336538461538461
1 0.3713942307692308 0.2403846153846154 0.08173076923076923 0.11177884615384616
1 0.6334134615384616 0.030048076923076924 0.07211538461538461 0.06009615384615385
1 0.38100961538461536 0.765625 0.046875 0.078125
1 0.4230769230769231 0.8425480769230769 0.04807692307692308 0.0829326923076923
1 0.42427884615384615 0.9038461538461539 0.04807692307692308 0.07932692307692307