1 0.27283653846153844 0.6802884615384616 0.09375 0.15745192307692307
1 0.7127403846153846 0.5420673076923077 0.057692307692307696 0.11057692307692307
1 0.29927884615384615 0.5396634615384616 0.078125 0.14423076923076922
1 0.28125 0.84375 0.06009615384615385 0.11057692307692307
1 0.04326923076923077 0.1935096153846154 0.08052884615384616 0.14302884615384615
1 0.7163461538461539 0.8966346153846154 0.05889423076923077 0.10336538461538461
1 0.12259615384615384 0.8954326923076923 0.08653846153846154 0.13942307692307693
1 0.4026442307692308 0.29447115384615385 0.06370192307692307 0.1310096153846154
1 0.8557692307692307 0.12860576923076922 0.06490384615384616 0.12259615384615384
1 0.027644230769230768 0.7548076923076923 0.05048076923076923 0.09495192307692307
1 0.6382211538461539 0.9639423076923077 0.042067307692307696 0.06370192307692307
1 0.21634615384615385 0.19951923076923078 0.07572115384615384 0.1310096153846154
1 0.4050480769230769 0.1971153846153846 0.057692307692307696 0.08774038461538461
1 0.10576923076923077 0.9110576923076923 0.07211538461538461 0.12259615384615384
1 0.29447115384615385 0.030048076923076924 0.0733173076923077 0.06009615384615385
1 0.47836538461538464 0.06009615384615385 0.06490384615384616 0.109375
1 0.17067307692307693 0.8088942307692307 0.038461538461538464 0.06490384615384616