1 0.6538461538461539 0.33653846153846156 0.06370192307692307 0.12139423076923077
1 0.6177884615384616 0.12379807692307693 0.06850961538461539 0.11057692307692307
1 0.7932692307692307 0.5552884615384616 0.05889423076923077 0.1141826923076923
1 0.7211538461538461 0.5384615384615384 0.04447115384615385 0.07932692307692307
1 0.5913461538461539 0.7572115384615384 0.054086538461538464 0.10216346153846154
1 0.5625 0.5865384615384616 0.054086538461538464 0.09375
1 0.6526442307692307 0.5817307692307693 0.054086538461538464 0.09495192307692307
1 0.36778846153846156 0.1201923076923077 0.04927884615384615 0.0733173076923077
1 0.8125 0.42908653846153844 0.056490384615384616 0.09615384615384616
1 0.9086538461538461 0.38822115384615385 0.046875 0.09254807692307693
1 0.35336538461538464 0.5276442307692307 0.0625 0.0985576923076923
1 0.7439903846153846 0.22596153846153846 0.051682692307692304 0.09014423076923077
1 0.7860576923076923 0.3641826923076923 0.055288461538461536 0.0985576923076923
1 0.359375 0.6069711538461539 0.06971153846153846 0.10216346153846154
1 0.828125 0.390625 0.036057692307692304 0.078125
1 0.8521634615384616 0.39663461538461536 0.03485576923076923 0.06610576923076923
1 0.8197115384615384 0.06971153846153846 0.05048076923076923 0.09014423076923077
1 0.6081730769230769 0.6754807692307693 0.038461538461538464 0.0829326923076923