1 0.4266826923076923 0.5408653846153846 0.08653846153846154 0.1466346153846154
1 0.6262019230769231 0.41466346153846156 0.0733173076923077 0.12379807692307693
1 0.8161057692307693 0.3137019230769231 0.08774038461538461 0.14543269230769232
1 0.8930288461538461 0.22235576923076922 0.057692307692307696 0.11177884615384616
1 0.8413461538461539 0.125 0.06610576923076923 0.109375
1 0.5853365384615384 0.052884615384615384 0.054086538461538464 0.07932692307692307
1 0.05889423076923077 0.7992788461538461 0.07692307692307693 0.13822115384615385
1 0.5901442307692307 0.6682692307692307 0.056490384615384616 0.11057692307692307
1 0.8341346153846154 0.7103365384615384 0.06129807692307692 0.12620192307692307
1 0.9495192307692307 0.41586538461538464 0.06971153846153846 0.12379807692307693
1 0.4891826923076923 0.11899038461538461 0.05048076923076923 0.0985576923076923
1 0.5336538461538461 0.18028846153846154 0.03125 0.09975961538461539