1 0.65625 0.2920673076923077 0.06009615384615385 0.10697115384615384
1 0.15504807692307693 0.48677884615384615 0.0733173076923077 0.1346153846153846
1 0.41466346153846156 0.34975961538461536 0.0673076923076923 0.1201923076923077
1 0.5396634615384616 0.875 0.06490384615384616 0.1141826923076923
1 0.28365384615384615 0.7980769230769231 0.07451923076923077 0.13221153846153846
1 0.5841346153846154 0.3076923076923077 0.056490384615384616 0.09975961538461539
1 0.796875 0.421875 0.05048076923076923 0.10336538461538461
1 0.07211538461538461 0.5901442307692307 0.05889423076923077 0.10216346153846154
1 0.8725961538461539 0.33653846153846156 0.052884615384615384 0.09014423076923077
1 0.11177884615384616 0.8209134615384616 0.06129807692307692 0.10216346153846154
1 0.328125 0.4963942307692308 0.0625 0.09014423076923077
1 0.71875 0.38221153846153844 0.04927884615384615 0.09975961538461539
1 0.3401442307692308 0.9735576923076923 0.054086538461538464 0.051682692307692304