1 0.3269230769230769 0.3233173076923077 0.06971153846153846 0.125
1 0.5096153846153846 0.10697115384615384 0.057692307692307696 0.09735576923076923
1 0.6286057692307693 0.23317307692307693 0.05048076923076923 0.07932692307692307
1 0.6370192307692307 0.3233173076923077 0.05889423076923077 0.09975961538461539
1 0.5733173076923077 0.5576923076923077 0.06370192307692307 0.11899038461538461
1 0.5697115384615384 0.6850961538461539 0.07572115384615384 0.11778846153846154
1 0.3233173076923077 0.5504807692307693 0.07091346153846154 0.13701923076923078
1 0.22355769230769232 0.7295673076923077 0.04447115384615385 0.09975961538461539
1 0.2091346153846154 0.8653846153846154 0.057692307692307696 0.11538461538461539
1 0.171875 0.7980769230769231 0.042067307692307696 0.08774038461538461
1 0.125 0.8629807692307693 0.040865384615384616 0.07932692307692307
1 0.43509615384615385 0.9206730769230769 0.051682692307692304 0.09495192307692307
1 0.4026442307692308 0.9591346153846154 0.04567307692307692 0.08052884615384616
1 0.3233173076923077 0.8353365384615384 0.04447115384615385 0.07572115384615384
1 0.2764423076923077 0.9038461538461539 0.06129807692307692 0.1141826923076923
1 0.31850961538461536 0.9579326923076923 0.05048076923076923 0.0829326923076923
1 0.2512019230769231 0.9735576923076923 0.040865384615384616 0.051682692307692304
1 0.6634615384615384 0.10096153846153846 0.056490384615384616 0.0985576923076923
1 0.9194711538461539 0.4651442307692308 0.052884615384615384 0.1141826923076923
1 0.9387019230769231 0.84375 0.04567307692307692 0.09615384615384616