1 0.10697115384615384 0.3798076923076923 0.07091346153846154 0.11658653846153846
1 0.45552884615384615 0.8028846153846154 0.06129807692307692 0.10817307692307693
1 0.6778846153846154 0.8665865384615384 0.07211538461538461 0.13942307692307693
1 0.6129807692307693 0.39903846153846156 0.06370192307692307 0.12740384615384615
1 0.25841346153846156 0.7848557692307693 0.057692307692307696 0.09735576923076923
1 0.21754807692307693 0.40024038461538464 0.07091346153846154 0.11177884615384616
1 0.7379807692307693 0.5336538461538461 0.056490384615384616 0.11057692307692307
1 0.7043269230769231 0.5096153846153846 0.046875 0.09254807692307693
1 0.5901442307692307 0.5204326923076923 0.04807692307692308 0.09014423076923077
1 0.11177884615384616 0.31490384615384615 0.056490384615384616 0.08774038461538461
1 0.7055288461538461 0.6899038461538461 0.04326923076923077 0.09375
1 0.7211538461538461 0.3942307692307692 0.04447115384615385 0.07932692307692307