1 0.9242788461538461 0.49399038461538464 0.05889423076923077 0.1201923076923077
1 0.7644230769230769 0.4230769230769231 0.06129807692307692 0.11057692307692307
1 0.796875 0.2860576923076923 0.06971153846153846 0.12139423076923077
1 0.71875 0.17548076923076922 0.055288461538461536 0.10216346153846154
1 0.9807692307692307 0.5060096153846154 0.03485576923076923 0.078125
1 0.9567307692307693 0.109375 0.046875 0.08533653846153846
1 0.8990384615384616 0.13822115384615385 0.04807692307692308 0.07932692307692307
1 0.6129807692307693 0.4170673076923077 0.046875 0.057692307692307696
1 0.9362980769230769 0.3161057692307692 0.042067307692307696 0.0889423076923077
1 0.9723557692307693 0.33533653846153844 0.036057692307692304 0.0733173076923077
1 0.9819711538461539 0.2860576923076923 0.025240384615384616 0.0829326923076923
1 0.9723557692307693 0.21153846153846154 0.03125 0.07572115384615384
1 0.9290865384615384 0.15504807692307693 0.037259615384615384 0.09495192307692307