1 0.22355769230769232 0.44471153846153844 0.09134615384615384 0.15504807692307693
1 0.10216346153846154 0.6995192307692307 0.06971153846153846 0.14543269230769232
1 0.5733173076923077 0.6730769230769231 0.06610576923076923 0.1310096153846154
1 0.04447115384615385 0.42788461538461536 0.0625 0.12620192307692307
1 0.9591346153846154 0.4639423076923077 0.05889423076923077 0.11778846153846154
1 0.7560096153846154 0.26322115384615385 0.07091346153846154 0.125
1 0.46274038461538464 0.9230769230769231 0.057692307692307696 0.11057692307692307
1 0.1875 0.29086538461538464 0.08413461538461539 0.140625
1 0.7668269230769231 0.6514423076923077 0.057692307692307696 0.11538461538461539
1 0.5600961538461539 0.1814903846153846 0.07451923076923077 0.1502403846153846
1 0.7836538461538461 0.8197115384615384 0.06370192307692307 0.1141826923076923
1 0.671875 0.8100961538461539 0.07091346153846154 0.125
1 0.37740384615384615 0.9350961538461539 0.07692307692307693 0.11177884615384616
1 0.6466346153846154 0.6598557692307693 0.06370192307692307 0.12740384615384615
1 0.046875 0.0985576923076923 0.05889423076923077 0.12139423076923077
1 0.1466346153846154 0.23076923076923078 0.07572115384615384 0.1502403846153846
1 0.5144230769230769 0.06610576923076923 0.09134615384615384 0.13221153846153846
1 0.6394230769230769 0.13341346153846154 0.04326923076923077 0.07451923076923077
1 0.7043269230769231 0.1045673076923077 0.042067307692307696 0.07451923076923077
1 0.7992788461538461 0.22355769230769232 0.04567307692307692 0.1045673076923077
1 0.9170673076923077 0.09975961538461539 0.06610576923076923 0.11658653846153846
1 0.8533653846153846 0.6634615384615384 0.04326923076923077 0.0985576923076923
1 0.11899038461538461 0.038461538461538464 0.04447115384615385 0.07451923076923077