1 0.31490384615384615 0.7139423076923077 0.06370192307692307 0.109375
1 0.2824519230769231 0.5564903846153846 0.08173076923076923 0.14543269230769232
1 0.5504807692307693 0.3389423076923077 0.06490384615384616 0.12139423076923077
1 0.234375 0.8689903846153846 0.06850961538461539 0.12740384615384615
1 0.36538461538461536 0.41586538461538464 0.06490384615384616 0.1346153846153846
1 0.35697115384615385 0.2704326923076923 0.05048076923076923 0.08533653846153846
1 0.7127403846153846 0.20673076923076922 0.057692307692307696 0.1045673076923077
1 0.4879807692307692 0.20793269230769232 0.04927884615384615 0.08533653846153846
1 0.15504807692307693 0.7067307692307693 0.05048076923076923 0.09495192307692307
1 0.2932692307692308 0.44350961538461536 0.04567307692307692 0.0625
1 0.4723557692307692 0.5384615384615384 0.04567307692307692 0.078125
1 0.5745192307692307 0.04927884615384615 0.042067307692307696 0.078125