1 0.36778846153846156 0.8112980769230769 0.06971153846153846 0.11899038461538461
1 0.3245192307692308 0.21394230769230768 0.054086538461538464 0.0985576923076923
1 0.125 0.14302884615384615 0.055288461538461536 0.1045673076923077
1 0.43990384615384615 0.21394230769230768 0.04326923076923077 0.07091346153846154
1 0.14543269230769232 0.33052884615384615 0.04927884615384615 0.07932692307692307
1 0.15504807692307693 0.9459134615384616 0.054086538461538464 0.0889423076923077
1 0.3269230769230769 0.33052884615384615 0.038461538461538464 0.05889423076923077
1 0.27283653846153844 0.28725961538461536 0.04807692307692308 0.06971153846153846
1 0.19831730769230768 0.038461538461538464 0.030048076923076924 0.05889423076923077
1 0.12980769230769232 0.06610576923076923 0.040865384615384616 0.057692307692307696
1 0.27283653846153844 0.484375 0.039663461538461536 0.05889423076923077