1 0.2704326923076923 0.10817307692307693 0.05048076923076923 0.07091346153846154
1 0.42908653846153844 0.15504807692307693 0.06009615384615385 0.0829326923076923
1 0.33774038461538464 0.3076923076923077 0.06490384615384616 0.109375
1 0.20552884615384615 0.6105769230769231 0.042067307692307696 0.08774038461538461
1 0.3701923076923077 0.5564903846153846 0.07211538461538461 0.12379807692307693
1 0.4735576923076923 0.39302884615384615 0.06129807692307692 0.1141826923076923
1 0.5877403846153846 0.3425480769230769 0.06850961538461539 0.1141826923076923
1 0.41225961538461536 0.6911057692307693 0.06490384615384616 0.12139423076923077
1 0.2439903846153846 0.9519230769230769 0.07451923076923077 0.09134615384615384
1 0.6514423076923077 0.9459134615384616 0.06490384615384616 0.10576923076923077
1 0.6826923076923077 0.5745192307692307 0.0733173076923077 0.1201923076923077
1 0.7271634615384616 0.4170673076923077 0.051682692307692304 0.0985576923076923
1 0.8112980769230769 0.6574519230769231 0.04326923076923077 0.08052884615384616
1 0.8449519230769231 0.7055288461538461 0.03485576923076923 0.057692307692307696
1 0.8942307692307693 0.2704326923076923 0.04807692307692308 0.09014423076923077
1 0.9110576923076923 0.03245192307692308 0.03485576923076923 0.06490384615384616