1 0.36778846153846156 0.9158653846153846 0.078125 0.16706730769230768
1 0.7896634615384616 0.2932692307692308 0.054086538461538464 0.08533653846153846
1 0.7872596153846154 0.5324519230769231 0.0733173076923077 0.13822115384615385
1 0.4807692307692308 0.4411057692307692 0.056490384615384616 0.1310096153846154
1 0.9507211538461539 0.5420673076923077 0.07211538461538461 0.12620192307692307
1 0.8689903846153846 0.8329326923076923 0.06490384615384616 0.11298076923076923
1 0.9519230769230769 0.40625 0.04807692307692308 0.09014423076923077
1 0.953125 0.2764423076923077 0.06610576923076923 0.13822115384615385
1 0.3004807692307692 0.53125 0.05048076923076923 0.09495192307692307
1 0.5252403846153846 0.3629807692307692 0.051682692307692304 0.09375
1 0.4543269230769231 0.7151442307692307 0.04567307692307692 0.07692307692307693
1 0.84375 0.9471153846153846 0.06971153846153846 0.08774038461538461
1 0.9699519230769231 0.7668269230769231 0.054086538461538464 0.12740384615384615
1 0.36538461538461536 0.2620192307692308 0.04567307692307692 0.09615384615384616
1 0.016826923076923076 0.78125 0.03365384615384615 0.09495192307692307
1 0.8629807692307693 0.4675480769230769 0.037259615384615384 0.07091346153846154
1 0.9302884615384616 0.12740384615384615 0.055288461538461536 0.10817307692307693