1 0.1935096153846154 0.3004807692307692 0.06370192307692307 0.0985576923076923
1 0.12139423076923077 0.46634615384615385 0.054086538461538464 0.07572115384615384
1 0.16947115384615385 0.7608173076923077 0.06850961538461539 0.1201923076923077
1 0.3173076923076923 0.9266826923076923 0.08413461538461539 0.14543269230769232
1 0.5348557692307693 0.9290865384615384 0.06009615384615385 0.11778846153846154
1 0.59375 0.7199519230769231 0.054086538461538464 0.10216346153846154
1 0.5084134615384616 0.47115384615384615 0.0673076923076923 0.10336538461538461
1 0.4026442307692308 0.5108173076923077 0.046875 0.08413461538461539
1 0.8966346153846154 0.43990384615384615 0.054086538461538464 0.09495192307692307
1 0.7620192307692307 0.3088942307692308 0.05048076923076923 0.09975961538461539
1 0.796875 0.2536057692307692 0.038461538461538464 0.06009615384615385
1 0.6730769230769231 0.14182692307692307 0.06009615384615385 0.07692307692307693
1 0.4170673076923077 0.09375 0.052884615384615384 0.09254807692307693
1 0.39783653846153844 0.04326923076923077 0.042067307692307696 0.056490384615384616
1 0.8064903846153846 0.03485576923076923 0.06009615384615385 0.0673076923076923
1 0.9206730769230769 0.19230769230769232 0.039663461538461536 0.07572115384615384
1 0.7223557692307693 0.030048076923076924 0.056490384615384616 0.06009615384615385