1 0.6947115384615384 0.052884615384615384 0.08173076923076923 0.10576923076923077
1 0.41466346153846156 0.13701923076923078 0.0733173076923077 0.13581730769230768
1 0.4567307692307692 0.3076923076923077 0.06490384615384616 0.09495192307692307
1 0.5300480769230769 0.3629807692307692 0.04567307692307692 0.0889423076923077
1 0.546875 0.4651442307692308 0.057692307692307696 0.109375
1 0.6153846153846154 0.5036057692307693 0.07572115384615384 0.13942307692307693
1 0.16105769230769232 0.5985576923076923 0.06009615384615385 0.11658653846153846
1 0.25961538461538464 0.765625 0.04567307692307692 0.08533653846153846
1 0.1658653846153846 0.7391826923076923 0.037259615384615384 0.06129807692307692
1 0.16105769230769232 0.8305288461538461 0.07692307692307693 0.13942307692307693
1 0.04567307692307692 0.9002403846153846 0.06971153846153846 0.13942307692307693
1 0.7584134615384616 0.21875 0.03365384615384615 0.06490384615384616
1 0.20552884615384615 0.27283653846153844 0.039663461538461536 0.06610576923076923