1 0.49038461538461536 0.7668269230769231 0.0673076923076923 0.12259615384615384
1 0.6923076923076923 0.7379807692307693 0.06610576923076923 0.1141826923076923
1 0.7415865384615384 0.8377403846153846 0.0673076923076923 0.12259615384615384
1 0.96875 0.4987980769230769 0.054086538461538464 0.10576923076923077
1 0.8173076923076923 0.5180288461538461 0.046875 0.109375
1 0.5588942307692307 0.2764423076923077 0.051682692307692304 0.08653846153846154
1 0.7992788461538461 0.16947115384615385 0.055288461538461536 0.08653846153846154
1 0.6598557692307693 0.47475961538461536 0.05889423076923077 0.11057692307692307
1 0.38100961538461536 0.5324519230769231 0.052884615384615384 0.09254807692307693
1 0.36658653846153844 0.22716346153846154 0.05048076923076923 0.08413461538461539
1 0.04567307692307692 0.22355769230769232 0.04927884615384615 0.07932692307692307
1 0.3233173076923077 0.7223557692307693 0.04447115384615385 0.08052884615384616
1 0.13822115384615385 0.953125 0.078125 0.07451923076923077
1 0.5264423076923077 0.15504807692307693 0.05048076923076923 0.078125
1 0.25 0.05048076923076923 0.0673076923076923 0.0985576923076923
1 0.37740384615384615 0.6550480769230769 0.036057692307692304 0.07091346153846154
1 0.7475961538461539 0.4723557692307692 0.04807692307692308 0.09014423076923077
1 0.40865384615384615 0.12620192307692307 0.046875 0.07692307692307693