1 0.33052884615384615 0.1875 0.06610576923076923 0.13341346153846154
1 0.4963942307692308 0.6466346153846154 0.05889423076923077 0.11057692307692307
1 0.1466346153846154 0.5168269230769231 0.06370192307692307 0.11538461538461539
1 0.3737980769230769 0.5528846153846154 0.0625 0.11538461538461539
1 0.25961538461538464 0.296875 0.054086538461538464 0.11298076923076923
1 0.6778846153846154 0.5504807692307693 0.05048076923076923 0.09014423076923077
1 0.5625 0.39783653846153844 0.057692307692307696 0.10336538461538461
1 0.19831730769230768 0.8629807692307693 0.055288461538461536 0.0985576923076923
1 0.34375 0.8822115384615384 0.057692307692307696 0.09375
1 0.47596153846153844 0.13942307692307693 0.038461538461538464 0.078125
1 0.5432692307692307 0.1814903846153846 0.04326923076923077 0.05889423076923077
1 0.1346153846153846 0.1622596153846154 0.054086538461538464 0.07451923076923077
1 0.09975961538461539 0.20192307692307693 0.040865384615384616 0.07932692307692307
1 0.015625 0.6334134615384616 0.03125 0.07451923076923077
1 0.13341346153846154 0.9675480769230769 0.04927884615384615 0.06370192307692307
1 0.6694711538461539 0.030048076923076924 0.055288461538461536 0.05889423076923077