1 0.8689903846153846 0.4639423076923077 0.06490384615384616 0.11778846153846154
1 0.6622596153846154 0.21394230769230768 0.07091346153846154 0.11538461538461539
1 0.25600961538461536 0.6466346153846154 0.056490384615384616 0.10697115384615384
1 0.7572115384615384 0.13701923076923078 0.078125 0.12139423076923077
1 0.8822115384615384 0.6045673076923077 0.04326923076923077 0.0829326923076923
1 0.22956730769230768 0.41466346153846156 0.055288461538461536 0.10576923076923077
1 0.9675480769230769 0.9411057692307693 0.054086538461538464 0.09975961538461539
1 0.5552884615384616 0.8894230769230769 0.04447115384615385 0.0829326923076923
1 0.24158653846153846 0.30288461538461536 0.06009615384615385 0.09375
1 0.8629807692307693 0.12139423076923077 0.06971153846153846 0.12620192307692307
1 0.9447115384615384 0.23317307692307693 0.05048076923076923 0.08413461538461539
1 0.9182692307692307 0.15144230769230768 0.04807692307692308 0.08774038461538461
1 0.6754807692307693 0.3016826923076923 0.055288461538461536 0.09615384615384616
1 0.018028846153846152 0.7692307692307693 0.03485576923076923 0.0889423076923077
1 0.41346153846153844 0.05048076923076923 0.06971153846153846 0.09014423076923077