1 0.8185096153846154 0.6622596153846154 0.07692307692307693 0.14543269230769232
1 0.8978365384615384 0.8810096153846154 0.06971153846153846 0.12620192307692307
1 0.2800480769230769 0.8485576923076923 0.06850961538461539 0.12620192307692307
1 0.9387019230769231 0.21514423076923078 0.05048076923076923 0.11658653846153846
1 0.7728365384615384 0.2608173076923077 0.04807692307692308 0.09495192307692307
1 0.20793269230769232 0.25600961538461536 0.04927884615384615 0.0829326923076923
1 0.45913461538461536 0.7391826923076923 0.057692307692307696 0.15384615384615385
1 0.8473557692307693 0.4170673076923077 0.05048076923076923 0.09014423076923077
1 0.7019230769230769 0.3425480769230769 0.05048076923076923 0.0829326923076923
1 0.03485576923076923 0.6802884615384616 0.042067307692307696 0.09014423076923077
1 0.4831730769230769 0.44711538461538464 0.04807692307692308 0.09495192307692307
1 0.7980769230769231 0.9567307692307693 0.054086538461538464 0.07091346153846154
1 0.828125 0.8317307692307693 0.04927884615384615 0.0889423076923077