1 0.359375 0.30649038461538464 0.05889423076923077 0.09134615384615384
1 0.4411057692307692 0.4879807692307692 0.04807692307692308 0.07692307692307693
1 0.16105769230769232 0.5480769230769231 0.0673076923076923 0.10336538461538461
1 0.1502403846153846 0.7019230769230769 0.06009615384615385 0.09495192307692307
1 0.04447115384615385 0.7079326923076923 0.04326923076923077 0.0829326923076923
1 0.11057692307692307 0.7620192307692307 0.0673076923076923 0.10336538461538461
1 0.17548076923076922 0.9603365384615384 0.07091346153846154 0.07692307692307693
1 0.23317307692307693 0.9603365384615384 0.042067307692307696 0.07692307692307693
1 0.26802884615384615 0.9134615384615384 0.04807692307692308 0.0829326923076923
1 0.2776442307692308 0.828125 0.03485576923076923 0.04567307692307692
1 0.3269230769230769 0.8076923076923077 0.05889423076923077 0.09615384615384616
1 0.7475961538461539 0.20072115384615385 0.06490384615384616 0.11538461538461539
1 0.7716346153846154 0.13701923076923078 0.020432692307692308 0.037259615384615384
1 0.8990384615384616 0.16466346153846154 0.042067307692307696 0.07211538461538461
1 0.9242788461538461 0.03245192307692308 0.03365384615384615 0.06009615384615385
1 0.9831730769230769 0.11298076923076923 0.028846153846153848 0.057692307692307696
1 0.9603365384615384 0.1971153846153846 0.037259615384615384 0.06370192307692307
1 0.8425480769230769 0.19230769230769232 0.036057692307692304 0.05889423076923077
1 0.8293269230769231 0.27403846153846156 0.05048076923076923 0.06850961538461539
1 0.7235576923076923 0.28725961538461536 0.04807692307692308 0.06490384615384616
1 0.7439903846153846 0.4014423076923077 0.039663461538461536 0.056490384615384616
1 0.9146634615384616 0.4170673076923077 0.038461538461538464 0.0733173076923077
1 0.9447115384615384 0.5072115384615384 0.046875 0.08653846153846154
1 0.9819711538461539 0.5024038461538461 0.025240384615384616 0.0625
1 0.9915865384615384 0.46033653846153844 0.015625 0.057692307692307696
1 0.8858173076923077 0.7836538461538461 0.04447115384615385 0.0625