1 0.22115384615384615 0.2439903846153846 0.04447115384615385 0.07932692307692307
1 0.2920673076923077 0.37740384615384615 0.04807692307692308 0.0889423076923077
1 0.3088942307692308 0.40384615384615385 0.040865384615384616 0.06850961538461539
1 0.4170673076923077 0.49399038461538464 0.04326923076923077 0.07932692307692307
1 0.4567307692307692 0.5432692307692307 0.057692307692307696 0.10697115384615384
1 0.19831730769230768 0.5576923076923077 0.052884615384615384 0.08413461538461539
1 0.46274038461538464 0.35697115384615385 0.040865384615384616 0.07692307692307693
1 0.5913461538461539 0.2920673076923077 0.05048076923076923 0.09375
1 0.6057692307692307 0.11778846153846154 0.06971153846153846 0.11057692307692307
1 0.6947115384615384 0.21153846153846154 0.07091346153846154 0.11778846153846154
1 0.8040865384615384 0.0985576923076923 0.056490384615384616 0.09735576923076923
1 0.9387019230769231 0.38461538461538464 0.07211538461538461 0.11658653846153846
1 0.9591346153846154 0.20192307692307693 0.040865384615384616 0.09134615384615384
1 0.21394230769230768 0.08774038461538461 0.040865384615384616 0.07451923076923077
1 0.30649038461538464 0.20552884615384615 0.04326923076923077 0.06971153846153846
1 0.12139423076923077 0.7944711538461539 0.055288461538461536 0.09254807692307693
1 0.265625 0.9098557692307693 0.037259615384615384 0.07692307692307693
1 0.6670673076923077 0.9266826923076923 0.055288461538461536 0.1045673076923077
1 0.11177884615384616 0.12740384615384615 0.04927884615384615 0.07572115384615384
1 0.10336538461538461 0.25240384615384615 0.037259615384615384 0.06490384615384616
1 0.025240384615384616 0.1310096153846154 0.04807692307692308 0.08173076923076923
1 0.171875 0.06610576923076923 0.03365384615384615 0.06009615384615385
1 0.20793269230769232 0.027644230769230768 0.03125 0.04326923076923077
1 0.23076923076923078 0.5420673076923077 0.04447115384615385 0.08052884615384616
1 0.1310096153846154 0.026442307692307692 0.04567307692307692 0.052884615384615384
1 0.17067307692307693 0.65625 0.055288461538461536 0.09134615384615384