1 0.09014423076923077 0.19110576923076922 0.06009615384615385 0.08774038461538461
1 0.10336538461538461 0.3401442307692308 0.06971153846153846 0.09495192307692307
1 0.20072115384615385 0.46875 0.06129807692307692 0.09375
1 0.18028846153846154 0.5576923076923077 0.06850961538461539 0.10697115384615384
1 0.25841346153846156 0.11298076923076923 0.055288461538461536 0.078125
1 0.43028846153846156 0.026442307692307692 0.036057692307692304 0.052884615384615384
1 0.5324519230769231 0.18990384615384615 0.055288461538461536 0.09615384615384616
1 0.45913461538461536 0.2920673076923077 0.06009615384615385 0.07692307692307693
1 0.5841346153846154 0.6165865384615384 0.06370192307692307 0.10576923076923077
1 0.5540865384615384 0.9266826923076923 0.0625 0.12740384615384615
1 0.8521634615384616 0.46634615384615385 0.04927884615384615 0.08533653846153846
1 0.8509615384615384 0.23798076923076922 0.04447115384615385 0.0733173076923077
1 0.9122596153846154 0.0985576923076923 0.046875 0.08173076923076923
1 0.7259615384615384 0.20072115384615385 0.03485576923076923 0.06490384615384616
1 0.6538461538461539 0.12620192307692307 0.04326923076923077 0.07692307692307693
1 0.7283653846153846 0.038461538461538464 0.03365384615384615 0.07692307692307693
1 0.6838942307692307 0.019230769230769232 0.042067307692307696 0.038461538461538464