1 0.23557692307692307 0.6778846153846154 0.09254807692307693 0.15144230769230768
1 0.42427884615384615 0.7572115384615384 0.057692307692307696 0.10216346153846154
1 0.36899038461538464 0.5997596153846154 0.055288461538461536 0.08173076923076923
1 0.36658653846153844 0.38221153846153844 0.05048076923076923 0.08173076923076923
1 0.27403846153846156 0.515625 0.04567307692307692 0.09134615384615384
1 0.16947115384615385 0.15625 0.06490384615384616 0.11538461538461539
1 0.18629807692307693 0.8737980769230769 0.057692307692307696 0.11658653846153846
1 0.15144230769230768 0.8533653846153846 0.06129807692307692 0.11658653846153846
1 0.7728365384615384 0.7620192307692307 0.046875 0.0889423076923077
1 0.8473557692307693 0.14423076923076922 0.051682692307692304 0.1045673076923077
1 0.5985576923076923 0.030048076923076924 0.06129807692307692 0.06009615384615385
1 0.203125 0.7127403846153846 0.055288461538461536 0.07572115384615384