1 0.06971153846153846 0.6923076923076923 0.07451923076923077 0.12860576923076922
1 0.5132211538461539 0.6646634615384616 0.051682692307692304 0.09615384615384616
1 0.26802884615384615 0.2764423076923077 0.054086538461538464 0.1045673076923077
1 0.6682692307692307 0.6105769230769231 0.04447115384615385 0.09134615384615384
1 0.31490384615384615 0.6069711538461539 0.0625 0.10697115384615384
1 0.44350961538461536 0.7403846153846154 0.055288461538461536 0.10576923076923077
1 0.6033653846153846 0.3112980769230769 0.056490384615384616 0.109375
1 0.7439903846153846 0.15504807692307693 0.0625 0.10697115384615384
1 0.4014423076923077 0.6802884615384616 0.046875 0.09615384615384616
1 0.23076923076923078 0.6466346153846154 0.051682692307692304 0.10216346153846154
1 0.7920673076923077 0.41466346153846156 0.04447115384615385 0.08653846153846154
1 0.8786057692307693 0.5949519230769231 0.04567307692307692 0.07692307692307693
1 0.6358173076923077 0.23197115384615385 0.04326923076923077 0.078125
1 0.39903846153846156 0.9098557692307693 0.055288461538461536 0.07451923076923077
1 0.19591346153846154 0.08774038461538461 0.06490384615384616 0.11298076923076923
1 0.8677884615384616 0.2824519230769231 0.0673076923076923 0.1141826923076923
1 0.45072115384615385 0.025240384615384616 0.0625 0.05048076923076923