1 0.8125 0.2824519230769231 0.07572115384615384 0.13341346153846154
1 0.7560096153846154 0.5024038461538461 0.057692307692307696 0.10697115384615384
1 0.5673076923076923 0.0889423076923077 0.07451923076923077 0.12860576923076922
1 0.25961538461538464 0.8305288461538461 0.056490384615384616 0.11057692307692307
1 0.43990384615384615 0.921875 0.06009615384615385 0.11298076923076923
1 0.5829326923076923 0.5841346153846154 0.05048076923076923 0.09495192307692307
1 0.6141826923076923 0.7644230769230769 0.054086538461538464 0.09254807692307693
1 0.3401442307692308 0.5204326923076923 0.0673076923076923 0.12259615384615384
1 0.6165865384615384 0.546875 0.057692307692307696 0.10697115384615384
1 0.4987980769230769 0.5420673076923077 0.05048076923076923 0.0985576923076923
1 0.40625 0.28966346153846156 0.054086538461538464 0.09615384615384616
1 0.3473557692307692 0.3449519230769231 0.05048076923076923 0.08533653846153846
1 0.39302884615384615 0.41225961538461536 0.06610576923076923 0.11658653846153846
1 0.19831730769230768 0.9459134615384616 0.0625 0.09975961538461539
1 0.4723557692307692 0.4495192307692308 0.0625 0.09615384615384616
1 0.11658653846153846 0.5408653846153846 0.0625 0.10336538461538461
1 0.8137019230769231 0.16466346153846154 0.0733173076923077 0.12620192307692307
1 0.052884615384615384 0.36899038461538464 0.052884615384615384 0.0829326923076923
1 0.042067307692307696 0.4675480769230769 0.05048076923076923 0.09134615384615384
1 0.45072115384615385 0.7800480769230769 0.052884615384615384 0.09735576923076923
1 0.453125 0.5144230769230769 0.04447115384615385 0.08653846153846154
1 0.037259615384615384 0.9375 0.06370192307692307 0.10336538461538461
1 0.375 0.8497596153846154 0.06129807692307692 0.11658653846153846
1 0.6346153846153846 0.9026442307692307 0.051682692307692304 0.07692307692307693
1 0.13341346153846154 0.47836538461538464 0.055288461538461536 0.06850961538461539
1 0.28365384615384615 0.4182692307692308 0.04567307692307692 0.08653846153846154