1 0.9038461538461539 0.3317307692307692 0.07572115384615384 0.12740384615384615
1 0.6862980769230769 0.44350961538461536 0.06129807692307692 0.11057692307692307
1 0.265625 0.5384615384615384 0.057692307692307696 0.1045673076923077
1 0.17307692307692307 0.4411057692307692 0.055288461538461536 0.10697115384615384
1 0.3485576923076923 0.30408653846153844 0.056490384615384616 0.10697115384615384
1 0.7872596153846154 0.16346153846153846 0.06850961538461539 0.1201923076923077
1 0.6286057692307693 0.7848557692307693 0.05889423076923077 0.09134615384615384
1 0.0625 0.8930288461538461 0.051682692307692304 0.08653846153846154
1 0.39783653846153844 0.2764423076923077 0.057692307692307696 0.09735576923076923
1 0.9507211538461539 0.052884615384615384 0.05048076923076923 0.0985576923076923
1 0.7475961538461539 0.06009615384615385 0.06129807692307692 0.10697115384615384
1 0.7271634615384616 0.046875 0.05889423076923077 0.09375