1 0.02283653846153846 0.11778846153846154 0.04567307692307692 0.06971153846153846
1 0.20072115384615385 0.5348557692307693 0.06129807692307692 0.09375
1 0.25240384615384615 0.6334134615384616 0.046875 0.08774038461538461
1 0.31490384615384615 0.375 0.040865384615384616 0.06370192307692307
1 0.3858173076923077 0.38221153846153844 0.04567307692307692 0.051682692307692304
1 0.4483173076923077 0.3786057692307692 0.030048076923076924 0.06009615384615385
1 0.4375 0.5408653846153846 0.054086538461538464 0.0733173076923077
1 0.41947115384615385 0.6153846153846154 0.04927884615384615 0.06971153846153846
1 0.04807692307692308 0.9615384615384616 0.052884615384615384 0.07211538461538461
1 0.12139423076923077 0.8605769230769231 0.04927884615384615 0.10216346153846154
1 0.25721153846153844 0.7920673076923077 0.06610576923076923 0.09014423076923077
1 0.2920673076923077 0.875 0.06370192307692307 0.10576923076923077
1 0.3701923076923077 0.96875 0.052884615384615384 0.057692307692307696
1 0.5805288461538461 0.390625 0.04567307692307692 0.0733173076923077
1 0.6153846153846154 0.46274038461538464 0.036057692307692304 0.06610576923076923
1 0.5661057692307693 0.0673076923076923 0.037259615384615384 0.06009615384615385
1 0.8269230769230769 0.23197115384615385 0.06009615384615385 0.10096153846153846
1 0.9639423076923077 0.22956730769230768 0.05048076923076923 0.07932692307692307
1 0.9699519230769231 0.07091346153846154 0.05048076923076923 0.0673076923076923
1 0.8137019230769231 0.7788461538461539 0.057692307692307696 0.08774038461538461
1 0.9747596153846154 0.7295673076923077 0.04326923076923077 0.07451923076923077
1 0.9567307692307693 0.8786057692307693 0.04567307692307692 0.07572115384615384
1 0.9290865384615384 0.9555288461538461 0.06009615384615385 0.08774038461538461