1 0.41346153846153844 0.09254807692307693 0.06129807692307692 0.0829326923076923
1 0.44471153846153844 0.1622596153846154 0.04567307692307692 0.055288461538461536
1 0.4230769230769231 0.21394230769230768 0.057692307692307696 0.07572115384615384
1 0.3076923076923077 0.27884615384615385 0.042067307692307696 0.0673076923076923
1 0.24278846153846154 0.4423076923076923 0.038461538461538464 0.06129807692307692
1 0.1502403846153846 0.6237980769230769 0.056490384615384616 0.08653846153846154
1 0.14543269230769232 0.7367788461538461 0.07932692307692307 0.12860576923076922
1 0.030048076923076924 0.8617788461538461 0.06009615384615385 0.09615384615384616
1 0.4110576923076923 0.6574519230769231 0.057692307692307696 0.10697115384615384
1 0.4699519230769231 0.9350961538461539 0.07932692307692307 0.125
1 0.5997596153846154 0.5444711538461539 0.052884615384615384 0.09014423076923077
1 0.45072115384615385 0.4831730769230769 0.040865384615384616 0.07932692307692307
1 0.49399038461538464 0.4483173076923077 0.028846153846153848 0.06009615384615385
1 0.5372596153846154 0.31850961538461536 0.06129807692307692 0.11057692307692307
1 0.5997596153846154 0.21514423076923078 0.037259615384615384 0.06129807692307692
1 0.6646634615384616 0.4074519230769231 0.04927884615384615 0.10576923076923077
1 0.7920673076923077 0.7019230769230769 0.06610576923076923 0.11778846153846154
1 0.8858173076923077 0.7584134615384616 0.054086538461538464 0.0985576923076923
1 0.7451923076923077 0.9447115384615384 0.055288461538461536 0.109375
1 0.6850961538461539 0.9254807692307693 0.057692307692307696 0.10216346153846154