1 0.3173076923076923 0.2776442307692308 0.05889423076923077 0.11057692307692307
1 0.5168269230769231 0.4987980769230769 0.06370192307692307 0.11298076923076923
1 0.6201923076923077 0.546875 0.051682692307692304 0.0889423076923077
1 0.4651442307692308 0.7091346153846154 0.07692307692307693 0.12740384615384615
1 0.5336538461538461 0.8269230769230769 0.08052884615384616 0.14783653846153846
1 0.6382211538461539 0.7764423076923077 0.06370192307692307 0.11538461538461539
1 0.7019230769230769 0.4723557692307692 0.06009615384615385 0.1141826923076923
1 0.7752403846153846 0.08653846153846154 0.055288461538461536 0.1045673076923077
1 0.8846153846153846 0.46033653846153844 0.037259615384615384 0.07932692307692307
1 0.5745192307692307 0.33653846153846156 0.040865384615384616 0.07451923076923077
1 0.9819711538461539 0.15985576923076922 0.03125 0.10336538461538461