1 0.30408653846153844 0.41947115384615385 0.056490384615384616 0.08774038461538461
1 0.23076923076923078 0.30528846153846156 0.04567307692307692 0.0733173076923077
1 0.29086538461538464 0.08653846153846154 0.04807692307692308 0.0733173076923077
1 0.5264423076923077 0.19951923076923078 0.040865384615384616 0.054086538461538464
1 0.6286057692307693 0.08774038461538461 0.04927884615384615 0.08653846153846154
1 0.6165865384615384 0.13701923076923078 0.026442307692307692 0.04447115384615385
1 0.6766826923076923 0.23076923076923078 0.040865384615384616 0.0733173076923077
1 0.6117788461538461 0.8834134615384616 0.07692307692307693 0.1502403846153846
1 0.35096153846153844 0.75 0.06490384615384616 0.12740384615384615
1 0.2692307692307692 0.7211538461538461 0.04567307692307692 0.08052884615384616
1 0.19230769230769232 0.671875 0.04447115384615385 0.08052884615384616
1 0.10576923076923077 0.7932692307692307 0.05048076923076923 0.09254807692307693
1 0.16826923076923078 0.4519230769230769 0.039663461538461536 0.0673076923076923
1 0.4182692307692308 0.5240384615384616 0.05889423076923077 0.09014423076923077