1 0.22355769230769232 0.2668269230769231 0.06971153846153846 0.12259615384615384
1 0.7764423076923077 0.43509615384615385 0.0625 0.11177884615384616
1 0.8858173076923077 0.5096153846153846 0.06129807692307692 0.11057692307692307
1 0.5516826923076923 0.46634615384615385 0.0625 0.11298076923076923
1 0.037259615384615384 0.6598557692307693 0.06490384615384616 0.125
1 0.6586538461538461 0.21995192307692307 0.056490384615384616 0.11177884615384616
1 0.7115384615384616 0.09375 0.06490384615384616 0.12259615384615384
1 0.16346153846153846 0.1045673076923077 0.0625 0.10336538461538461
1 0.6141826923076923 0.7932692307692307 0.055288461538461536 0.10697115384615384
1 0.71875 0.84375 0.051682692307692304 0.0985576923076923
1 0.5480769230769231 0.9314903846153846 0.046875 0.08653846153846154
1 0.2776442307692308 0.6514423076923077 0.05048076923076923 0.10216346153846154
1 0.4855769230769231 0.17548076923076922 0.04447115384615385 0.08533653846153846
1 0.9411057692307693 0.2403846153846154 0.056490384615384616 0.10336538461538461
1 0.40384615384615385 0.6298076923076923 0.05889423076923077 0.09014423076923077
1 0.21033653846153846 0.7115384615384616 0.055288461538461536 0.09615384615384616
1 0.5072115384615384 0.12259615384615384 0.04807692307692308 0.07932692307692307
1 0.03365384615384615 0.9567307692307693 0.0673076923076923 0.08173076923076923