1 0.4963942307692308 0.47716346153846156 0.06850961538461539 0.11658653846153846
1 0.46274038461538464 0.515625 0.06370192307692307 0.11538461538461539
1 0.5829326923076923 0.7151442307692307 0.051682692307692304 0.11658653846153846
1 0.703125 0.6346153846153846 0.07211538461538461 0.12259615384615384
1 0.7055288461538461 0.7391826923076923 0.07692307692307693 0.13701923076923078
1 0.8557692307692307 0.7175480769230769 0.04927884615384615 0.09375
1 0.8798076923076923 0.8389423076923077 0.07091346153846154 0.1346153846153846
1 0.6778846153846154 0.953125 0.07451923076923077 0.09134615384615384
1 0.9182692307692307 0.2776442307692308 0.0733173076923077 0.13581730769230768
1 0.6670673076923077 0.09014423076923077 0.07211538461538461 0.11177884615384616
1 0.5600961538461539 0.08533653846153846 0.040865384615384616 0.0673076923076923
1 0.40384615384615385 0.09134615384615384 0.04807692307692308 0.08052884615384616
1 0.5024038461538461 0.02403846153846154 0.04927884615384615 0.04807692307692308
1 0.6646634615384616 0.4423076923076923 0.052884615384615384 0.09375