1 0.04927884615384615 0.2956730769230769 0.0625 0.08774038461538461
1 0.234375 0.7067307692307693 0.07572115384615384 0.14543269230769232
1 0.15264423076923078 0.9002403846153846 0.06971153846153846 0.11899038461538461
1 0.4050480769230769 0.47596153846153844 0.07572115384615384 0.13942307692307693
1 0.4362980769230769 0.051682692307692304 0.04447115384615385 0.08653846153846154
1 0.47836538461538464 0.6971153846153846 0.07451923076923077 0.13822115384615385
1 0.6862980769230769 0.42788461538461536 0.057692307692307696 0.1045673076923077
1 0.7235576923076923 0.9483173076923077 0.05048076923076923 0.10096153846153846
1 0.8257211538461539 0.052884615384615384 0.06490384615384616 0.1045673076923077
1 0.9242788461538461 0.09375 0.06370192307692307 0.11658653846153846
1 0.9507211538461539 0.4519230769230769 0.042067307692307696 0.0673076923076923