1 0.2668269230769231 0.14783653846153846 0.06129807692307692 0.11899038461538461
1 0.20673076923076922 0.31009615384615385 0.06850961538461539 0.11658653846153846
1 0.3581730769230769 0.24158653846153846 0.054086538461538464 0.09615384615384616
1 0.4110576923076923 0.2956730769230769 0.06009615384615385 0.11538461538461539
1 0.453125 0.25841346153846156 0.07091346153846154 0.13341346153846154
1 0.515625 0.2692307692307692 0.06009615384615385 0.10697115384615384
1 0.4567307692307692 0.07211538461538461 0.055288461538461536 0.09735576923076923
1 0.7163461538461539 0.042067307692307696 0.052884615384615384 0.08413461538461539
1 0.7211538461538461 0.109375 0.051682692307692304 0.08774038461538461
1 0.6454326923076923 0.1971153846153846 0.056490384615384616 0.10697115384615384
1 0.6778846153846154 0.25841346153846156 0.04807692307692308 0.08653846153846154
1 0.5456730769230769 0.4074519230769231 0.06009615384615385 0.11057692307692307
1 0.5673076923076923 0.4362980769230769 0.054086538461538464 0.109375
1 0.7175480769230769 0.5264423076923077 0.06971153846153846 0.140625
1 0.3954326923076923 0.4543269230769231 0.04927884615384615 0.0829326923076923
1 0.27884615384615385 0.6862980769230769 0.07932692307692307 0.14182692307692307
1 0.10216346153846154 0.8918269230769231 0.05889423076923077 0.0985576923076923
1 0.41947115384615385 0.7920673076923077 0.0889423076923077 0.1622596153846154
1 0.5012019230769231 0.6887019230769231 0.0673076923076923 0.1201923076923077
1 0.5685096153846154 0.8846153846153846 0.054086538461538464 0.11057692307692307
1 0.5877403846153846 0.8497596153846154 0.04927884615384615 0.09375
1 0.6346153846153846 0.8425480769230769 0.06610576923076923 0.13341346153846154
1 0.6802884615384616 0.84375 0.055288461538461536 0.10576923076923077
1 0.7355769230769231 0.7644230769230769 0.0625 0.12259615384615384
1 0.9074519230769231 0.9098557692307693 0.057692307692307696 0.10216346153846154
1 0.9158653846153846 0.46153846153846156 0.04567307692307692 0.07451923076923077
1 0.4014423076923077 0.6814903846153846 0.057692307692307696 0.09014423076923077