1 0.07211538461538461 0.9014423076923077 0.0733173076923077 0.1346153846153846
1 0.4987980769230769 0.1875 0.08052884615384616 0.12740384615384615
1 0.4675480769230769 0.7956730769230769 0.057692307692307696 0.10336538461538461
1 0.24158653846153846 0.4338942307692308 0.057692307692307696 0.09975961538461539
1 0.5132211538461539 0.43149038461538464 0.055288461538461536 0.09375
1 0.6586538461538461 0.8245192307692307 0.06129807692307692 0.10697115384615384
1 0.28966346153846156 0.6935096153846154 0.0673076923076923 0.11538461538461539
1 0.31009615384615385 0.9338942307692307 0.07932692307692307 0.10697115384615384
1 0.8197115384615384 0.11778846153846154 0.05048076923076923 0.0829326923076923
1 0.07692307692307693 0.28125 0.056490384615384616 0.0829326923076923
1 0.125 0.203125 0.052884615384615384 0.08173076923076923
1 0.36899038461538464 0.7151442307692307 0.057692307692307696 0.09254807692307693
1 0.026442307692307692 0.06370192307692307 0.052884615384615384 0.109375
1 0.21634615384615385 0.2920673076923077 0.055288461538461536 0.07932692307692307
1 0.026442307692307692 0.6069711538461539 0.04807692307692308 0.10216346153846154
1 0.013221153846153846 0.7475961538461539 0.026442307692307692 0.08173076923076923