1 0.15384615384615385 0.19951923076923078 0.06009615384615385 0.10576923076923077
1 0.2091346153846154 0.234375 0.06971153846153846 0.1201923076923077
1 0.20673076923076922 0.3894230769230769 0.06490384615384616 0.11658653846153846
1 0.140625 0.44471153846153844 0.05889423076923077 0.0985576923076923
1 0.15625 0.5685096153846154 0.0625 0.10817307692307693
1 0.06129807692307692 0.7728365384615384 0.04807692307692308 0.09495192307692307
1 0.17548076923076922 0.7908653846153846 0.04927884615384615 0.10817307692307693
1 0.23076923076923078 0.7920673076923077 0.07692307692307693 0.1466346153846154
1 0.37740384615384615 0.7319711538461539 0.0625 0.12980769230769232
1 0.33774038461538464 0.8834134615384616 0.04447115384615385 0.08774038461538461
1 0.4855769230769231 0.6983173076923077 0.0733173076923077 0.12740384615384615
1 0.578125 0.8004807692307693 0.06610576923076923 0.1310096153846154
1 0.5300480769230769 0.9290865384615384 0.06610576923076923 0.125
1 0.41225961538461536 0.25600961538461536 0.08774038461538461 0.15144230769230768
1 0.4651442307692308 0.07091346153846154 0.06009615384615385 0.11057692307692307
1 0.7451923076923077 0.2776442307692308 0.055288461538461536 0.10576923076923077
1 0.7824519230769231 0.21394230769230768 0.04447115384615385 0.08774038461538461
1 0.6694711538461539 0.44711538461538464 0.0733173076923077 0.14302884615384615
1 0.7019230769230769 0.4074519230769231 0.06009615384615385 0.11298076923076923
1 0.4963942307692308 0.46153846153846156 0.0733173076923077 0.12860576923076922
1 0.6983173076923077 0.040865384615384616 0.0673076923076923 0.08052884615384616
1 0.8641826923076923 0.038461538461538464 0.06370192307692307 0.07692307692307693