1 0.38822115384615385 0.8846153846153846 0.07932692307692307 0.1502403846153846
1 0.09375 0.7439903846153846 0.04927884615384615 0.08653846153846154
1 0.4387019230769231 0.5697115384615384 0.056490384615384616 0.1141826923076923
1 0.4651442307692308 0.5949519230769231 0.05889423076923077 0.109375
1 0.3473557692307692 0.37740384615384615 0.05889423076923077 0.10336538461538461
1 0.7283653846153846 0.17307692307692307 0.04927884615384615 0.09495192307692307
1 0.7608173076923077 0.28725961538461536 0.04326923076923077 0.0985576923076923
1 0.796875 0.08173076923076923 0.06850961538461539 0.12259615384615384
1 0.6442307692307693 0.06610576923076923 0.078125 0.12980769230769232
1 0.6081730769230769 0.0889423076923077 0.057692307692307696 0.09975961538461539
1 0.4423076923076923 0.04326923076923077 0.05048076923076923 0.08533653846153846
1 0.7439903846153846 0.33653846153846156 0.030048076923076924 0.057692307692307696