1 0.29927884615384615 0.25600961538461536 0.07692307692307693 0.1310096153846154
1 0.3449519230769231 0.078125 0.08413461538461539 0.13581730769230768
1 0.36177884615384615 0.15985576923076922 0.07572115384615384 0.09495192307692307
1 0.45913461538461536 0.06610576923076923 0.052884615384615384 0.09615384615384616
1 0.5264423076923077 0.4026442307692308 0.04567307692307692 0.08173076923076923
1 0.12860576923076922 0.265625 0.056490384615384616 0.09615384615384616
1 0.16466346153846154 0.15865384615384615 0.039663461538461536 0.06610576923076923
1 0.17668269230769232 0.5348557692307693 0.06610576923076923 0.11778846153846154
1 0.06850961538461539 0.5625 0.06610576923076923 0.0985576923076923
1 0.15985576923076922 0.8774038461538461 0.046875 0.08774038461538461
1 0.36778846153846156 0.9519230769230769 0.056490384615384616 0.09495192307692307
1 0.11658653846153846 0.9615384615384616 0.05889423076923077 0.07091346153846154