1 0.12139423076923077 0.6899038461538461 0.06610576923076923 0.125
1 0.140625 0.8353365384615384 0.08413461538461539 0.13942307692307693
1 0.18269230769230768 0.5408653846153846 0.055288461538461536 0.10336538461538461
1 0.16706730769230768 0.3545673076923077 0.0673076923076923 0.10336538461538461
1 0.8617788461538461 0.8473557692307693 0.04807692307692308 0.09975961538461539
1 0.3918269230769231 0.578125 0.05889423076923077 0.09975961538461539
1 0.6887019230769231 0.17427884615384615 0.06971153846153846 0.07451923076923077
1 0.8882211538461539 0.5456730769230769 0.06129807692307692 0.10096153846153846
1 0.3581730769230769 0.640625 0.055288461538461536 0.08774038461538461
1 0.3293269230769231 0.25961538461538464 0.054086538461538464 0.07451923076923077
1 0.5961538461538461 0.6646634615384616 0.04447115384615385 0.07572115384615384
1 0.5793269230769231 0.5733173076923077 0.040865384615384616 0.08413461538461539
1 0.4519230769230769 0.41346153846153844 0.040865384615384616 0.07091346153846154
1 0.9795673076923077 0.6189903846153846 0.038461538461538464 0.078125
1 0.015625 0.6129807692307693 0.03125 0.10576923076923077
1 0.19110576923076922 0.9735576923076923 0.06490384615384616 0.05048076923076923