1 0.06009615384615385 0.8449519230769231 0.0733173076923077 0.14302884615384615
1 0.12980769230769232 0.8112980769230769 0.08052884615384616 0.14302884615384615
1 0.18990384615384615 0.5432692307692307 0.08052884615384616 0.13341346153846154
1 0.2956730769230769 0.43149038461538464 0.055288461538461536 0.09495192307692307
1 0.453125 0.22956730769230768 0.07451923076923077 0.12379807692307693
1 0.4495192307692308 0.7548076923076923 0.09254807692307693 0.15504807692307693
1 0.43028846153846156 0.9194711538461539 0.09615384615384616 0.15985576923076922
1 0.5901442307692307 0.8185096153846154 0.08413461538461539 0.15384615384615385
1 0.7211538461538461 0.8233173076923077 0.052884615384615384 0.11298076923076923
1 0.5997596153846154 0.28125 0.08052884615384616 0.13701923076923078
1 0.6550480769230769 0.22355769230769232 0.05889423076923077 0.10697115384615384
1 0.5372596153846154 0.04567307692307692 0.04567307692307692 0.07572115384615384
1 0.8341346153846154 0.10697115384615384 0.06610576923076923 0.12740384615384615
1 0.8665865384615384 0.30649038461538464 0.055288461538461536 0.11057692307692307
1 0.8161057692307693 0.38221153846153844 0.051682692307692304 0.11057692307692307
1 0.7800480769230769 0.37259615384615385 0.05889423076923077 0.1141826923076923
1 0.7367788461538461 0.3701923076923077 0.054086538461538464 0.08774038461538461
1 0.7103365384615384 0.4387019230769231 0.052884615384615384 0.0889423076923077