1 0.37740384615384615 0.28966346153846156 0.06129807692307692 0.11778846153846154
1 0.3389423076923077 0.5661057692307693 0.055288461538461536 0.10096153846153846
1 0.7860576923076923 0.2620192307692308 0.0625 0.09495192307692307
1 0.30528846153846156 0.1875 0.05889423076923077 0.11057692307692307
1 0.5600961538461539 0.6298076923076923 0.052884615384615384 0.10336538461538461
1 0.0625 0.33653846153846156 0.055288461538461536 0.08653846153846154
1 0.48197115384615385 0.2860576923076923 0.046875 0.08653846153846154
1 0.15144230769230768 0.1045673076923077 0.051682692307692304 0.09254807692307693
1 0.21514423076923078 0.052884615384615384 0.038461538461538464 0.08533653846153846
1 0.17548076923076922 0.43990384615384615 0.04567307692307692 0.09134615384615384
1 0.23677884615384615 0.3389423076923077 0.038461538461538464 0.055288461538461536
1 0.6081730769230769 0.4879807692307692 0.039663461538461536 0.08533653846153846
1 0.6802884615384616 0.06370192307692307 0.08173076923076923 0.12740384615384615
1 0.7403846153846154 0.04447115384615385 0.040865384615384616 0.0829326923076923
1 0.8353365384615384 0.037259615384615384 0.06490384615384616 0.07451923076923077