1 0.25841346153846156 0.13581730769230768 0.05889423076923077 0.09495192307692307
1 0.4651442307692308 0.056490384615384616 0.051682692307692304 0.10216346153846154
1 0.34134615384615385 0.4543269230769231 0.057692307692307696 0.109375
1 0.5072115384615384 0.5024038461538461 0.06490384615384616 0.11538461538461539
1 0.04447115384615385 0.8112980769230769 0.06370192307692307 0.09735576923076923
1 0.04326923076923077 0.9170673076923077 0.06850961538461539 0.0985576923076923
1 0.18028846153846154 0.8461538461538461 0.056490384615384616 0.0829326923076923
1 0.23918269230769232 0.9399038461538461 0.04807692307692308 0.07932692307692307
1 0.40384615384615385 0.9362980769230769 0.07091346153846154 0.11778846153846154
1 0.11177884615384616 0.7716346153846154 0.042067307692307696 0.07211538461538461
1 0.7463942307692307 0.578125 0.052884615384615384 0.11177884615384616
1 0.8617788461538461 0.5084134615384616 0.037259615384615384 0.07932692307692307
1 0.953125 0.625 0.039663461538461536 0.08533653846153846
1 0.9423076923076923 0.7115384615384616 0.04567307692307692 0.0829326923076923
1 0.9819711538461539 0.38341346153846156 0.03125 0.06971153846153846
1 0.7908653846153846 0.17427884615384615 0.036057692307692304 0.06129807692307692
1 0.9387019230769231 0.21394230769230768 0.046875 0.10697115384615384
1 0.8918269230769231 0.20432692307692307 0.030048076923076924 0.056490384615384616
1 0.8954326923076923 0.07211538461538461 0.036057692307692304 0.06610576923076923