1 0.2283653846153846 0.44711538461538464 0.046875 0.078125
1 0.21875 0.6045673076923077 0.055288461538461536 0.09014423076923077
1 0.23918269230769232 0.6225961538461539 0.040865384615384616 0.07572115384615384
1 0.15504807692307693 0.7560096153846154 0.04807692307692308 0.08052884615384616
1 0.31009615384615385 0.8209134615384616 0.04807692307692308 0.09615384615384616
1 0.34615384615384615 0.8858173076923077 0.06971153846153846 0.12259615384615384
1 0.07211538461538461 0.8677884615384616 0.06129807692307692 0.10697115384615384
1 0.40625 0.5877403846153846 0.042067307692307696 0.08653846153846154
1 0.49158653846153844 0.6622596153846154 0.055288461538461536 0.10336538461538461
1 0.6165865384615384 0.5805288461538461 0.08173076923076923 0.14423076923076922
1 0.5288461538461539 0.4423076923076923 0.07211538461538461 0.12379807692307693
1 0.4951923076923077 0.2536057692307692 0.0673076923076923 0.11177884615384616
1 0.5865384615384616 0.25600961538461536 0.05889423076923077 0.09495192307692307
1 0.7596153846153846 0.43149038461538464 0.06490384615384616 0.11298076923076923
1 0.9350961538461539 0.5540865384615384 0.04326923076923077 0.10576923076923077
1 0.890625 0.7956730769230769 0.08173076923076923 0.14302884615384615
1 0.13822115384615385 0.4735576923076923 0.046875 0.08413461538461539
1 0.6742788461538461 0.1658653846153846 0.04447115384615385 0.06490384615384616
1 0.016826923076923076 0.3762019230769231 0.03365384615384615 0.08173076923076923
1 0.046875 0.23677884615384615 0.04807692307692308 0.08413461538461539
1 0.0829326923076923 0.30528846153846156 0.03485576923076923 0.06370192307692307
1 0.13581730769230768 0.3125 0.046875 0.07572115384615384
1 0.11658653846153846 0.24158653846153846 0.026442307692307692 0.04927884615384615
1 0.13942307692307693 0.23918269230769232 0.03125 0.052884615384615384
1 0.20432692307692307 0.07091346153846154 0.06129807692307692 0.11658653846153846
1 0.037259615384615384 0.9579326923076923 0.055288461538461536 0.07932692307692307