1 0.8245192307692307 0.5757211538461539 0.07572115384615384 0.1346153846153846
1 0.28365384615384615 0.2776442307692308 0.07451923076923077 0.125
1 0.6117788461538461 0.4675480769230769 0.07692307692307693 0.14182692307692307
1 0.38221153846153844 0.84375 0.06370192307692307 0.11057692307692307
1 0.6923076923076923 0.8185096153846154 0.06850961538461539 0.10576923076923077
1 0.4411057692307692 0.30649038461538464 0.08173076923076923 0.15504807692307693
1 0.49158653846153844 0.20192307692307693 0.08413461538461539 0.16105769230769232
1 0.8509615384615384 0.3269230769230769 0.05889423076923077 0.10697115384615384
1 0.8016826923076923 0.12259615384615384 0.08533653846153846 0.1622596153846154
1 0.3088942307692308 0.6213942307692307 0.057692307692307696 0.0985576923076923
1 0.15985576923076922 0.5841346153846154 0.054086538461538464 0.10576923076923077
1 0.9266826923076923 0.06009615384615385 0.06009615384615385 0.11899038461538461