1 0.5180288461538461 0.4735576923076923 0.08533653846153846 0.15625
1 0.48677884615384615 0.4879807692307692 0.05889423076923077 0.11057692307692307
1 0.30649038461538464 0.4651442307692308 0.052884615384615384 0.09975961538461539
1 0.30288461538461536 0.3137019230769231 0.054086538461538464 0.09254807692307693
1 0.4206730769230769 0.2920673076923077 0.04807692307692308 0.09375
1 0.2283653846153846 0.09615384615384616 0.051682692307692304 0.09134615384615384
1 0.21754807692307693 0.8665865384615384 0.06370192307692307 0.10697115384615384
1 0.47596153846153844 0.22355769230769232 0.04447115384615385 0.08173076923076923
1 0.38461538461538464 0.039663461538461536 0.07932692307692307 0.07932692307692307
1 0.6141826923076923 0.53125 0.054086538461538464 0.10216346153846154
1 0.6742788461538461 0.4675480769230769 0.07091346153846154 0.12740384615384615
1 0.65625 0.6490384615384616 0.04567307692307692 0.10216346153846154
1 0.7632211538461539 0.22716346153846154 0.08533653846153846 0.16706730769230768
1 0.8497596153846154 0.296875 0.06009615384615385 0.10576923076923077
1 0.8918269230769231 0.38341346153846156 0.07091346153846154 0.1346153846153846
1 0.8377403846153846 0.14423076923076922 0.056490384615384616 0.11177884615384616
1 0.9074519230769231 0.06971153846153846 0.06009615384615385 0.10697115384615384