1 0.6586538461538461 0.31490384615384615 0.07932692307692307 0.14302884615384615
1 0.042067307692307696 0.13701923076923078 0.078125 0.13221153846153846
1 0.328125 0.33533653846153844 0.10216346153846154 0.16706730769230768
1 0.08653846153846154 0.4855769230769231 0.08413461538461539 0.14302884615384615
1 0.48677884615384615 0.24879807692307693 0.0733173076923077 0.13942307692307693
1 0.6862980769230769 0.578125 0.06370192307692307 0.11538461538461539
1 0.06850961538461539 0.7259615384615384 0.06370192307692307 0.11057692307692307
1 0.90625 0.24639423076923078 0.05889423076923077 0.0985576923076923
1 0.05889423076923077 0.9495192307692307 0.06490384615384616 0.09495192307692307
1 0.30408653846153844 0.09014423076923077 0.07451923076923077 0.14543269230769232
1 0.5901442307692307 0.11899038461538461 0.04567307692307692 0.0829326923076923
1 0.7704326923076923 0.038461538461538464 0.04326923076923077 0.07091346153846154