1 0.3894230769230769 0.2668269230769231 0.06850961538461539 0.1141826923076923
1 0.3293269230769231 0.3269230769230769 0.06971153846153846 0.11538461538461539
1 0.4699519230769231 0.8425480769230769 0.05889423076923077 0.11778846153846154
1 0.5985576923076923 0.44591346153846156 0.057692307692307696 0.10697115384615384
1 0.8545673076923077 0.5024038461538461 0.056490384615384616 0.10336538461538461
1 0.18870192307692307 0.7524038461538461 0.06009615384615385 0.11057692307692307
1 0.41586538461538464 0.17427884615384615 0.0673076923076923 0.0985576923076923
1 0.5192307692307693 0.4795673076923077 0.05889423076923077 0.09134615384615384
1 0.5564903846153846 0.17427884615384615 0.052884615384615384 0.09254807692307693
1 0.7620192307692307 0.6153846153846154 0.040865384615384616 0.078125
1 0.6274038461538461 0.1310096153846154 0.055288461538461536 0.09254807692307693
1 0.4230769230769231 0.578125 0.055288461538461536 0.11177884615384616
1 0.33413461538461536 0.5132211538461539 0.04326923076923077 0.08173076923076923
1 0.4699519230769231 0.5721153846153846 0.04326923076923077 0.07692307692307693
1 0.7740384615384616 0.05048076923076923 0.052884615384615384 0.09014423076923077