1 0.12620192307692307 0.375 0.04927884615384615 0.07692307692307693
1 0.1935096153846154 0.39302884615384615 0.039663461538461536 0.056490384615384616
1 0.2403846153846154 0.2536057692307692 0.051682692307692304 0.08052884615384616
1 0.25721153846153844 0.5348557692307693 0.06129807692307692 0.11057692307692307
1 0.3329326923076923 0.025240384615384616 0.04447115384615385 0.04927884615384615
1 0.4699519230769231 0.1045673076923077 0.046875 0.0625
1 0.45913461538461536 0.23918269230769232 0.04927884615384615 0.09014423076923077
1 0.4795673076923077 0.4723557692307692 0.04807692307692308 0.09375
1 0.5516826923076923 0.5456730769230769 0.04927884615384615 0.08173076923076923
1 0.5697115384615384 0.6598557692307693 0.04927884615384615 0.09735576923076923
1 0.43028846153846156 0.7055288461538461 0.057692307692307696 0.10216346153846154
1 0.4387019230769231 0.8221153846153846 0.06610576923076923 0.10817307692307693
1 0.6983173076923077 0.796875 0.04927884615384615 0.09134615384615384
1 0.6694711538461539 0.3894230769230769 0.052884615384615384 0.08653846153846154
1 0.6838942307692307 0.17668269230769232 0.06490384615384616 0.11899038461538461
1 0.671875 0.027644230769230768 0.04567307692307692 0.055288461538461536
1 0.9338942307692307 0.6478365384615384 0.027644230769230768 0.052884615384615384
1 0.9170673076923077 0.3004807692307692 0.03365384615384615 0.0733173076923077
1 0.9170673076923077 0.12259615384615384 0.038461538461538464 0.07451923076923077
1 0.9507211538461539 0.055288461538461536 0.03485576923076923 0.06129807692307692