1 0.2127403846153846 0.057692307692307696 0.06610576923076923 0.11538461538461539
1 0.15384615384615385 0.10576923076923077 0.07451923076923077 0.10817307692307693
1 0.21875 0.23076923076923078 0.052884615384615384 0.109375
1 0.2668269230769231 0.24759615384615385 0.038461538461538464 0.07091346153846154
1 0.30649038461538464 0.34615384615384615 0.06129807692307692 0.09615384615384616
1 0.3137019230769231 0.5372596153846154 0.06370192307692307 0.08653846153846154
1 0.3317307692307692 0.671875 0.054086538461538464 0.09735576923076923
1 0.3088942307692308 0.7680288461538461 0.08052884615384616 0.11057692307692307
1 0.48197115384615385 0.953125 0.05889423076923077 0.09014423076923077
1 0.6057692307692307 0.8701923076923077 0.07451923076923077 0.12620192307692307
1 0.5420673076923077 0.5552884615384616 0.0625 0.1045673076923077
1 0.5072115384615384 0.18509615384615385 0.0829326923076923 0.14903846153846154
1 0.6237980769230769 0.30408653846153844 0.06850961538461539 0.13341346153846154
1 0.5733173076923077 0.3173076923076923 0.04927884615384615 0.10096153846153846
1 0.7884615384615384 0.1622596153846154 0.0673076923076923 0.1045673076923077
1 0.8389423076923077 0.3389423076923077 0.0829326923076923 0.15504807692307693
1 0.7572115384615384 0.6177884615384616 0.06129807692307692 0.0985576923076923
1 0.7403846153846154 0.6730769230769231 0.054086538461538464 0.06009615384615385
1 0.7475961538461539 0.7283653846153846 0.07692307692307693 0.06490384615384616
1 0.9807692307692307 0.5889423076923077 0.037259615384615384 0.12139423076923077
1 0.9362980769230769 0.078125 0.057692307692307696 0.09735576923076923