1 0.09134615384615384 0.2956730769230769 0.0625 0.11298076923076923
1 0.53125 0.6129807692307693 0.078125 0.14182692307692307
1 0.42788461538461536 0.5384615384615384 0.0733173076923077 0.1310096153846154
1 0.9435096153846154 0.27163461538461536 0.0625 0.10697115384615384
1 0.4675480769230769 0.19591346153846154 0.07572115384615384 0.14423076923076922
1 0.7644230769230769 0.2704326923076923 0.06971153846153846 0.11778846153846154
1 0.1971153846153846 0.4963942307692308 0.0625 0.11538461538461539
1 0.07091346153846154 0.6334134615384616 0.07091346153846154 0.14302884615384615
1 0.5192307692307693 0.7728365384615384 0.06490384615384616 0.11177884615384616
1 0.3545673076923077 0.5216346153846154 0.04326923076923077 0.09254807692307693
1 0.06610576923076923 0.7560096153846154 0.05048076923076923 0.09975961538461539
1 0.4567307692307692 0.9495192307692307 0.06610576923076923 0.09495192307692307
1 0.8882211538461539 0.3737980769230769 0.046875 0.09014423076923077
1 0.027644230769230768 0.8185096153846154 0.054086538461538464 0.17307692307692307