1 0.057692307692307696 0.7584134615384616 0.06610576923076923 0.11177884615384616
1 0.27884615384615385 0.6911057692307693 0.05889423076923077 0.09014423076923077
1 0.359375 0.4206730769230769 0.055288461538461536 0.10336538461538461
1 0.3173076923076923 0.43990384615384615 0.05889423076923077 0.1045673076923077
1 0.3293269230769231 0.359375 0.04807692307692308 0.08052884615384616
1 0.39783653846153844 0.19951923076923078 0.08173076923076923 0.1466346153846154
1 0.39783653846153844 0.109375 0.05048076923076923 0.07091346153846154
1 0.578125 0.2956730769230769 0.052884615384615384 0.10576923076923077
1 0.5048076923076923 0.17307692307692307 0.04567307692307692 0.07692307692307693
1 0.8545673076923077 0.5384615384615384 0.06610576923076923 0.08774038461538461
1 0.9266826923076923 0.4951923076923077 0.07932692307692307 0.14302884615384615
1 0.8894230769230769 0.33653846153846156 0.05048076923076923 0.08774038461538461
1 0.9050480769230769 0.9302884615384616 0.07091346153846154 0.12379807692307693
1 0.5504807692307693 0.9543269230769231 0.08533653846153846 0.09014423076923077