1 0.20673076923076922 0.5384615384615384 0.09375 0.16466346153846154
1 0.30528846153846156 0.7175480769230769 0.07451923076923077 0.14302884615384615
1 0.5036057692307693 0.6394230769230769 0.057692307692307696 0.0985576923076923
1 0.6057692307692307 0.5360576923076923 0.04927884615384615 0.0985576923076923
1 0.5985576923076923 0.35336538461538464 0.057692307692307696 0.109375
1 0.7091346153846154 0.7259615384615384 0.04807692307692308 0.08653846153846154
1 0.7824519230769231 0.46875 0.04807692307692308 0.08413461538461539
1 0.484375 0.8966346153846154 0.07572115384615384 0.11057692307692307
1 0.5769230769230769 0.24759615384615385 0.051682692307692304 0.08533653846153846
1 0.2980769230769231 0.9435096153846154 0.08173076923076923 0.10216346153846154
1 0.7127403846153846 0.35697115384615385 0.04326923076923077 0.08413461538461539
1 0.6850961538461539 0.40024038461538464 0.040865384615384616 0.07932692307692307
1 0.7932692307692307 0.7307692307692307 0.03485576923076923 0.057692307692307696
1 0.7439903846153846 0.22355769230769232 0.039663461538461536 0.07932692307692307
1 0.7848557692307693 0.6634615384615384 0.03125 0.06971153846153846
1 0.8197115384615384 0.28846153846153844 0.030048076923076924 0.05889423076923077