1 0.4411057692307692 0.34615384615384615 0.06129807692307692 0.109375
1 0.5012019230769231 0.39663461538461536 0.06850961538461539 0.11658653846153846
1 0.5925480769230769 0.453125 0.05889423076923077 0.09014423076923077
1 0.4807692307692308 0.2644230769230769 0.04807692307692308 0.08173076923076923
1 0.5240384615384616 0.23918269230769232 0.03365384615384615 0.05048076923076923
1 0.5612980769230769 0.2247596153846154 0.042067307692307696 0.06370192307692307
1 0.6274038461538461 0.22956730769230768 0.04927884615384615 0.07692307692307693
1 0.31850961538461536 0.12259615384615384 0.04567307692307692 0.08533653846153846
1 0.8329326923076923 0.05889423076923077 0.038461538461538464 0.07211538461538461
1 0.7776442307692307 0.27163461538461536 0.03245192307692308 0.06009615384615385
1 0.6742788461538461 0.10576923076923077 0.039663461538461536 0.07451923076923077