1 0.35096153846153844 0.8461538461538461 0.057692307692307696 0.109375
1 0.4326923076923077 0.4855769230769231 0.0673076923076923 0.12620192307692307
1 0.9723557692307693 0.17908653846153846 0.052884615384615384 0.11538461538461539
1 0.24759615384615385 0.6766826923076923 0.0625 0.1141826923076923
1 0.0829326923076923 0.4074519230769231 0.052884615384615384 0.09134615384615384
1 0.8725961538461539 0.36778846153846156 0.052884615384615384 0.0985576923076923
1 0.24759615384615385 0.3125 0.0625 0.12620192307692307
1 0.3125 0.19110576923076922 0.05889423076923077 0.10697115384615384
1 0.390625 0.13341346153846154 0.05889423076923077 0.11057692307692307
1 0.45913461538461536 0.078125 0.055288461538461536 0.09495192307692307
1 0.16947115384615385 0.16105769230769232 0.04447115384615385 0.08774038461538461
1 0.28365384615384615 0.36658653846153844 0.04807692307692308 0.08774038461538461
1 0.5673076923076923 0.042067307692307696 0.052884615384615384 0.08413461538461539
1 0.8653846153846154 0.04807692307692308 0.0733173076923077 0.09495192307692307
1 0.8882211538461539 0.11177884615384616 0.04927884615384615 0.10697115384615384
1 0.28125 0.5697115384615384 0.04567307692307692 0.0829326923076923