1 0.6177884615384616 0.6526442307692307 0.05889423076923077 0.11658653846153846
1 0.22716346153846154 0.5552884615384616 0.06370192307692307 0.12139423076923077
1 0.6370192307692307 0.40384615384615385 0.06490384615384616 0.12259615384615384
1 0.11538461538461539 0.8485576923076923 0.06370192307692307 0.12740384615384615
1 0.038461538461538464 0.5060096153846154 0.06370192307692307 0.12860576923076922
1 0.42427884615384615 0.19951923076923078 0.0673076923076923 0.13701923076923078
1 0.2980769230769231 0.7115384615384616 0.04807692307692308 0.06971153846153846
1 0.12980769230769232 0.734375 0.0625 0.09375
1 0.8449519230769231 0.19591346153846154 0.06129807692307692 0.1201923076923077
1 0.4723557692307692 0.41947115384615385 0.06009615384615385 0.0829326923076923
1 0.4170673076923077 0.4963942307692308 0.046875 0.09014423076923077
1 0.16947115384615385 0.16466346153846154 0.04326923076923077 0.078125