1 0.08413461538461539 0.03485576923076923 0.046875 0.06971153846153846
1 0.1658653846153846 0.06129807692307692 0.06610576923076923 0.12139423076923077
1 0.35697115384615385 0.04807692307692308 0.055288461538461536 0.08774038461538461
1 0.38822115384615385 0.2548076923076923 0.051682692307692304 0.06490384615384616
1 0.5072115384615384 0.0985576923076923 0.040865384615384616 0.06009615384615385
1 0.17548076923076922 0.6911057692307693 0.06610576923076923 0.1141826923076923
1 0.7115384615384616 0.5120192307692307 0.054086538461538464 0.08533653846153846
1 0.8966346153846154 0.34615384615384615 0.04567307692307692 0.09254807692307693
1 0.859375 0.359375 0.028846153846153848 0.046875
1 0.9026442307692307 0.2247596153846154 0.04447115384615385 0.07572115384615384
1 0.953125 0.025240384615384616 0.036057692307692304 0.05048076923076923