1 0.3125 0.3629807692307692 0.08052884615384616 0.13942307692307693
1 0.19230769230769232 0.5336538461538461 0.06370192307692307 0.10576923076923077
1 0.19471153846153846 0.7439903846153846 0.06129807692307692 0.12860576923076922
1 0.04807692307692308 0.6838942307692307 0.05889423076923077 0.11177884615384616
1 0.027644230769230768 0.8545673076923077 0.04807692307692308 0.11778846153846154
1 0.29927884615384615 0.765625 0.0625 0.12259615384615384
1 0.40024038461538464 0.8665865384615384 0.057692307692307696 0.0829326923076923
1 0.42908653846153844 0.9759615384615384 0.046875 0.046875
1 0.5528846153846154 0.5012019230769231 0.052884615384615384 0.09014423076923077
1 0.5180288461538461 0.4098557692307692 0.046875 0.08774038461538461
1 0.7451923076923077 0.34975961538461536 0.056490384615384616 0.12259615384615384
1 0.5396634615384616 0.671875 0.042067307692307696 0.08774038461538461