1 0.2620192307692308 0.14182692307692307 0.05048076923076923 0.08052884615384616
1 0.30408653846153844 0.14182692307692307 0.025240384615384616 0.056490384615384616
1 0.3605769230769231 0.20793269230769232 0.027644230769230768 0.057692307692307696
1 0.6334134615384616 0.19471153846153846 0.07091346153846154 0.1141826923076923
1 0.3473557692307692 0.33052884615384615 0.04807692307692308 0.08173076923076923
1 0.19471153846153846 0.23557692307692307 0.04447115384615385 0.056490384615384616
1 0.21394230769230768 0.33533653846153844 0.07451923076923077 0.11658653846153846
1 0.234375 0.5492788461538461 0.05048076923076923 0.07211538461538461
1 0.15865384615384615 0.6610576923076923 0.046875 0.08653846153846154
1 0.1971153846153846 0.828125 0.056490384615384616 0.09254807692307693
1 0.234375 0.9230769230769231 0.055288461538461536 0.08774038461538461
1 0.44591346153846156 0.7788461538461539 0.052884615384615384 0.08653846153846154
1 0.5012019230769231 0.5829326923076923 0.07572115384615384 0.140625
1 0.5961538461538461 0.8497596153846154 0.06490384615384616 0.109375
1 0.6887019230769231 0.4723557692307692 0.057692307692307696 0.109375
1 0.43509615384615385 0.38461538461538464 0.05048076923076923 0.08653846153846154
1 0.16706730769230768 0.9747596153846154 0.030048076923076924 0.046875
1 0.35096153846153844 0.9278846153846154 0.030048076923076924 0.06009615384615385