1 0.2403846153846154 0.4495192307692308 0.039663461538461536 0.078125
1 0.13822115384615385 0.53125 0.0625 0.0985576923076923
1 0.12740384615384615 0.5877403846153846 0.04927884615384615 0.051682692307692304
1 0.3076923076923077 0.640625 0.038461538461538464 0.08173076923076923
1 0.42788461538461536 0.8545673076923077 0.0625 0.1141826923076923
1 0.2608173076923077 0.8834134615384616 0.07091346153846154 0.1346153846153846
1 0.056490384615384616 0.7848557692307693 0.037259615384615384 0.06490384615384616
1 0.03245192307692308 0.9350961538461539 0.04807692307692308 0.09254807692307693
1 0.7259615384615384 0.28365384615384615 0.054086538461538464 0.09495192307692307
1 0.47596153846153844 0.30528846153846156 0.055288461538461536 0.1045673076923077
1 0.5180288461538461 0.18269230769230768 0.06129807692307692 0.10817307692307693
1 0.46033653846153844 0.18870192307692307 0.06370192307692307 0.09975961538461539
1 0.4855769230769231 0.6899038461538461 0.04807692307692308 0.0829326923076923