1 0.6935096153846154 0.3713942307692308 0.0829326923076923 0.1466346153846154
1 0.78125 0.7259615384615384 0.07572115384615384 0.14182692307692307
1 0.15264423076923078 0.7079326923076923 0.0889423076923077 0.17548076923076922
1 0.421875 0.6021634615384616 0.08774038461538461 0.15384615384615385
1 0.7355769230769231 0.49399038461538464 0.06971153846153846 0.12379807692307693
1 0.12259615384615384 0.24278846153846154 0.06850961538461539 0.1310096153846154
1 0.6514423076923077 0.5576923076923077 0.09254807692307693 0.18629807692307693
1 0.3545673076923077 0.8689903846153846 0.0625 0.12980769230769232
1 0.6418269230769231 0.9495192307692307 0.06971153846153846 0.09615384615384616
1 0.2860576923076923 0.12740384615384615 0.055288461538461536 0.109375
1 0.6346153846153846 0.6935096153846154 0.05889423076923077 0.11298076923076923
1 0.8798076923076923 0.7223557692307693 0.04927884615384615 0.08653846153846154
1 0.5024038461538461 0.12139423076923077 0.09375 0.16346153846153846
1 0.4338942307692308 0.16947115384615385 0.06009615384615385 0.10697115384615384
1 0.8774038461538461 0.5432692307692307 0.054086538461538464 0.09014423076923077
1 0.5384615384615384 0.040865384615384616 0.06850961538461539 0.08173076923076923
1 0.8497596153846154 0.08173076923076923 0.0829326923076923 0.16346153846153846
1 0.7848557692307693 0.10817307692307693 0.05048076923076923 0.09495192307692307