1 0.6033653846153846 0.6598557692307693 0.04326923076923077 0.08173076923076923
1 0.6646634615384616 0.8305288461538461 0.040865384615384616 0.08173076923076923
1 0.5540865384615384 0.7632211538461539 0.04447115384615385 0.08173076923076923
1 0.3870192307692308 0.6694711538461539 0.036057692307692304 0.05889423076923077
1 0.44471153846153844 0.5877403846153846 0.038461538461538464 0.06610576923076923
1 0.13341346153846154 0.36538461538461536 0.039663461538461536 0.07451923076923077
1 0.06610576923076923 0.3870192307692308 0.03125 0.06490384615384616
1 0.07211538461538461 0.2956730769230769 0.03245192307692308 0.06129807692307692
1 0.09735576923076923 0.265625 0.028846153846153848 0.057692307692307696
1 0.0733173076923077 0.17067307692307693 0.030048076923076924 0.06850961538461539
1 0.19230769230769232 0.14302884615384615 0.02403846153846154 0.046875
1 0.20552884615384615 0.07692307692307693 0.03485576923076923 0.0673076923076923