1 0.49278846153846156 0.5348557692307693 0.07211538461538461 0.12259615384615384
1 0.7463942307692307 0.3173076923076923 0.06370192307692307 0.10697115384615384
1 0.28125 0.33533653846153844 0.08052884615384616 0.13942307692307693
1 0.3125 0.47836538461538464 0.07572115384615384 0.12740384615384615
1 0.5925480769230769 0.5348557692307693 0.046875 0.08533653846153846
1 0.5012019230769231 0.33653846153846156 0.04927884615384615 0.09495192307692307
1 0.2644230769230769 0.22115384615384615 0.07091346153846154 0.109375
1 0.5733173076923077 0.20793269230769232 0.039663461538461536 0.07091346153846154
1 0.6033653846153846 0.2848557692307692 0.051682692307692304 0.07451923076923077
1 0.48197115384615385 0.1502403846153846 0.04326923076923077 0.0829326923076923
1 0.5588942307692307 0.11658653846153846 0.038461538461538464 0.07692307692307693
1 0.5276442307692307 0.16466346153846154 0.052884615384615384 0.09134615384615384
1 0.5276442307692307 0.23798076923076922 0.037259615384615384 0.0733173076923077
1 0.5492788461538461 0.3088942307692308 0.038461538461538464 0.0889423076923077
1 0.5649038461538461 0.3473557692307692 0.046875 0.09254807692307693
1 0.6213942307692307 0.15384615384615385 0.03365384615384615 0.06129807692307692
1 0.5877403846153846 0.0985576923076923 0.04447115384615385 0.0829326923076923
1 0.40865384615384615 0.028846153846153848 0.06610576923076923 0.057692307692307696
1 0.22716346153846154 0.47475961538461536 0.04927884615384615 0.05889423076923077
1 0.39903846153846156 0.359375 0.054086538461538464 0.10096153846153846