1 0.27163461538461536 0.09495192307692307 0.055288461538461536 0.09134615384615384
1 0.3737980769230769 0.21514423076923078 0.06610576923076923 0.09375
1 0.30288461538461536 0.265625 0.04567307692307692 0.06370192307692307
1 0.2091346153846154 0.47596153846153844 0.051682692307692304 0.08533653846153846
1 0.2512019230769231 0.49759615384615385 0.04807692307692308 0.09254807692307693
1 0.25 0.640625 0.05048076923076923 0.07932692307692307
1 0.046875 0.953125 0.06370192307692307 0.0889423076923077
1 0.21514423076923078 0.9110576923076923 0.0625 0.10096153846153846
1 0.2800480769230769 0.875 0.05048076923076923 0.08413461538461539
1 0.3389423076923077 0.8245192307692307 0.05889423076923077 0.1141826923076923
1 0.2860576923076923 0.9627403846153846 0.06129807692307692 0.0733173076923077
1 0.37740384615384615 0.9387019230769231 0.06971153846153846 0.11778846153846154
1 0.5721153846153846 0.9387019230769231 0.07091346153846154 0.1201923076923077
1 0.53125 0.41225961538461536 0.06490384615384616 0.1045673076923077
1 0.5949519230769231 0.31009615384615385 0.04807692307692308 0.07932692307692307
1 0.6586538461538461 0.2956730769230769 0.06009615384615385 0.09014423076923077
1 0.6730769230769231 0.4254807692307692 0.057692307692307696 0.09014423076923077
1 0.9326923076923077 0.9399038461538461 0.06370192307692307 0.11899038461538461
1 0.013221153846153846 0.09014423076923077 0.026442307692307692 0.052884615384615384