1 0.3894230769230769 0.5877403846153846 0.07211538461538461 0.13341346153846154
1 0.45552884615384615 0.5444711538461539 0.04927884615384615 0.09134615384615384
1 0.4855769230769231 0.6442307692307693 0.07211538461538461 0.1310096153846154
1 0.7067307692307693 0.5504807692307693 0.0673076923076923 0.11057692307692307
1 0.8221153846153846 0.5997596153846154 0.07451923076923077 0.13221153846153846
1 0.8197115384615384 0.44591346153846156 0.06971153846153846 0.1201923076923077
1 0.6502403846153846 0.22956730769230768 0.06971153846153846 0.125
1 0.5408653846153846 0.0829326923076923 0.057692307692307696 0.09615384615384616
1 0.6610576923076923 0.057692307692307696 0.07932692307692307 0.1141826923076923
1 0.8040865384615384 0.05048076923076923 0.04927884615384615 0.09134615384615384
1 0.8353365384615384 0.13822115384615385 0.06850961538461539 0.12379807692307693