1 0.08413461538461539 0.11057692307692307 0.057692307692307696 0.07451923076923077
1 0.22956730769230768 0.019230769230769232 0.04807692307692308 0.037259615384615384
1 0.054086538461538464 0.22956730769230768 0.051682692307692304 0.0829326923076923
1 0.020432692307692308 0.3425480769230769 0.039663461538461536 0.07572115384615384
1 0.2091346153846154 0.22956730769230768 0.03365384615384615 0.05048076923076923
1 0.5300480769230769 0.3004807692307692 0.042067307692307696 0.0673076923076923
1 0.7115384615384616 0.04807692307692308 0.0625 0.09615384615384616
1 0.4519230769230769 0.5637019230769231 0.054086538461538464 0.0829326923076923
1 0.49399038461538464 0.5576923076923077 0.030048076923076924 0.06490384615384616
1 0.16346153846153846 0.9543269230769231 0.056490384615384616 0.0829326923076923
1 0.7319711538461539 0.890625 0.06971153846153846 0.12740384615384615
1 0.890625 0.8605769230769231 0.06490384615384616 0.10216346153846154
1 0.9038461538461539 0.6682692307692307 0.056490384615384616 0.0889423076923077
1 0.8762019230769231 0.5625 0.06370192307692307 0.11177884615384616