1 0.44591346153846156 0.65625 0.06370192307692307 0.125
1 0.33052884615384615 0.7572115384615384 0.06850961538461539 0.11899038461538461
1 0.4891826923076923 0.7884615384615384 0.054086538461538464 0.09495192307692307
1 0.8581730769230769 0.5540865384615384 0.051682692307692304 0.09735576923076923
1 0.8233173076923077 0.22956730769230768 0.055288461538461536 0.0985576923076923
1 0.8016826923076923 0.4651442307692308 0.051682692307692304 0.09975961538461539
1 0.46274038461538464 0.42427884615384615 0.04567307692307692 0.0673076923076923
1 0.36778846153846156 0.1971153846153846 0.05048076923076923 0.078125
1 0.9699519230769231 0.48677884615384615 0.04567307692307692 0.078125
1 0.9495192307692307 0.4050480769230769 0.054086538461538464 0.09615384615384616
1 0.8401442307692307 0.49038461538461536 0.051682692307692304 0.09254807692307693
1 0.9411057692307693 0.8269230769230769 0.03485576923076923 0.07091346153846154
1 0.9471153846153846 0.5204326923076923 0.04326923076923077 0.09735576923076923