1 0.6742788461538461 0.3605769230769231 0.05889423076923077 0.10216346153846154
1 0.703125 0.23798076923076922 0.0625 0.11538461538461539
1 0.7860576923076923 0.30288461538461536 0.046875 0.08533653846153846
1 0.7584134615384616 0.4675480769230769 0.0625 0.11899038461538461
1 0.9254807692307693 0.16466346153846154 0.056490384615384616 0.0985576923076923
1 0.9399038461538461 0.4254807692307692 0.046875 0.08413461538461539
1 0.6574519230769231 0.7055288461538461 0.042067307692307696 0.08653846153846154
1 0.8353365384615384 0.4483173076923077 0.056490384615384616 0.109375
1 0.953125 0.6682692307692307 0.054086538461538464 0.10336538461538461
1 0.546875 0.11298076923076923 0.042067307692307696 0.10576923076923077
1 0.8040865384615384 0.6442307692307693 0.04807692307692308 0.08173076923076923
1 0.7055288461538461 0.8557692307692307 0.040865384615384616 0.07572115384615384
1 0.8497596153846154 0.7800480769230769 0.039663461538461536 0.07211538461538461
1 0.5817307692307693 0.11057692307692307 0.040865384615384616 0.08173076923076923
1 0.8485576923076923 0.13701923076923078 0.04567307692307692 0.08653846153846154
1 0.8509615384615384 0.039663461538461536 0.054086538461538464 0.078125
1 0.9194711538461539 0.5084134615384616 0.042067307692307696 0.07451923076923077