1 0.7427884615384616 0.5012019230769231 0.0673076923076923 0.1201923076923077
1 0.39903846153846156 0.6706730769230769 0.06850961538461539 0.12139423076923077
1 0.6057692307692307 0.33653846153846156 0.08173076923076923 0.140625
1 0.1045673076923077 0.6153846153846154 0.0889423076923077 0.15144230769230768
1 0.8305288461538461 0.9314903846153846 0.07692307692307693 0.12860576923076922
1 0.13822115384615385 0.46153846153846156 0.06370192307692307 0.10096153846153846
1 0.6382211538461539 0.6442307692307693 0.06490384615384616 0.11658653846153846
1 0.25 0.32091346153846156 0.055288461538461536 0.10096153846153846
1 0.7079326923076923 0.23076923076923078 0.055288461538461536 0.09375
1 0.47716346153846156 0.4795673076923077 0.055288461538461536 0.1045673076923077
1 0.5396634615384616 0.45072115384615385 0.03485576923076923 0.06610576923076923
1 0.4987980769230769 0.13341346153846154 0.07091346153846154 0.10216346153846154
1 0.1141826923076923 0.9459134615384616 0.08533653846153846 0.09975961538461539
1 0.37259615384615385 0.12860576923076922 0.051682692307692304 0.08653846153846154
1 0.40625 0.2692307692307692 0.051682692307692304 0.08653846153846154
1 0.5372596153846154 0.08653846153846154 0.051682692307692304 0.09014423076923077