1 0.47475961538461536 0.45552884615384615 0.08173076923076923 0.140625
1 0.4963942307692308 0.9122596153846154 0.057692307692307696 0.10336538461538461
1 0.31490384615384615 0.9375 0.08774038461538461 0.12139423076923077
1 0.0673076923076923 0.9014423076923077 0.078125 0.13701923076923078
1 0.051682692307692304 0.953125 0.07572115384615384 0.0889423076923077
1 0.21995192307692307 0.375 0.06971153846153846 0.1045673076923077
1 0.14903846153846154 0.39663461538461536 0.042067307692307696 0.07091346153846154
1 0.06850961538461539 0.35697115384615385 0.04567307692307692 0.07932692307692307
1 0.27163461538461536 0.13701923076923078 0.051682692307692304 0.08173076923076923
1 0.15504807692307693 0.04927884615384615 0.055288461538461536 0.08173076923076923
1 0.037259615384615384 0.14783653846153846 0.04447115384615385 0.06850961538461539
1 0.7271634615384616 0.7788461538461539 0.052884615384615384 0.11658653846153846
1 0.33052884615384615 0.6802884615384616 0.05889423076923077 0.08774038461538461