1 0.018028846153846152 0.046875 0.036057692307692304 0.0829326923076923
1 0.056490384615384616 0.5552884615384616 0.06009615384615385 0.09134615384615384
1 0.19591346153846154 0.5697115384615384 0.055288461538461536 0.08774038461538461
1 0.26802884615384615 0.44591346153846156 0.04927884615384615 0.08173076923076923
1 0.2692307692307692 0.5528846153846154 0.04807692307692308 0.07572115384615384
1 0.2920673076923077 0.6923076923076923 0.05889423076923077 0.07932692307692307
1 0.3713942307692308 0.6394230769230769 0.09134615384615384 0.14903846153846154
1 0.31850961538461536 0.8100961538461539 0.0673076923076923 0.13581730769230768
1 0.3713942307692308 0.8329326923076923 0.06610576923076923 0.11538461538461539
1 0.5588942307692307 0.7944711538461539 0.06370192307692307 0.12259615384615384
1 0.6225961538461539 0.7800480769230769 0.06971153846153846 0.12379807692307693
1 0.5336538461538461 0.5228365384615384 0.05889423076923077 0.0985576923076923
1 0.45552884615384615 0.39783653846153844 0.06370192307692307 0.10336538461538461
1 0.4026442307692308 0.36778846153846156 0.04927884615384615 0.08653846153846154
1 0.39663461538461536 0.21995192307692307 0.04447115384615385 0.06850961538461539
1 0.33653846153846156 0.1502403846153846 0.046875 0.07572115384615384
1 0.42908653846153844 0.040865384615384616 0.037259615384615384 0.057692307692307696
1 0.39903846153846156 0.06129807692307692 0.02283653846153846 0.040865384615384616
1 0.5661057692307693 0.15625 0.04927884615384615 0.07451923076923077
1 0.5492788461538461 0.22235576923076922 0.04807692307692308 0.0733173076923077
1 0.5012019230769231 0.03245192307692308 0.037259615384615384 0.057692307692307696
1 0.5673076923076923 0.021634615384615384 0.036057692307692304 0.040865384615384616
1 0.6995192307692307 0.028846153846153848 0.037259615384615384 0.057692307692307696
1 0.7367788461538461 0.08533653846153846 0.03365384615384615 0.057692307692307696
1 0.9206730769230769 0.39903846153846156 0.05048076923076923 0.07932692307692307
1 0.8774038461538461 0.4567307692307692 0.02403846153846154 0.04567307692307692