1 0.33052884615384615 0.23076923076923078 0.06370192307692307 0.12139423076923077
1 0.453125 0.09615384615384616 0.07932692307692307 0.1310096153846154
1 0.16466346153846154 0.6334134615384616 0.06610576923076923 0.11538461538461539
1 0.2668269230769231 0.7439903846153846 0.0733173076923077 0.12379807692307693
1 0.5697115384615384 0.5144230769230769 0.0733173076923077 0.13701923076923078
1 0.5552884615384616 0.8088942307692307 0.040865384615384616 0.0673076923076923
1 0.5745192307692307 0.6610576923076923 0.03125 0.04807692307692308
1 0.6502403846153846 0.8425480769230769 0.06129807692307692 0.11658653846153846
1 0.609375 0.8401442307692307 0.026442307692307692 0.06850961538461539
1 0.8040865384615384 0.7151442307692307 0.05048076923076923 0.09615384615384616
1 0.7992788461538461 0.45072115384615385 0.051682692307692304 0.07572115384615384
1 0.796875 0.5576923076923077 0.03365384615384615 0.055288461538461536
1 0.8774038461538461 0.18870192307692307 0.06850961538461539 0.11177884615384616