1 0.23798076923076922 0.47115384615384615 0.06850961538461539 0.10336538461538461
1 0.07932692307692307 0.6466346153846154 0.06490384615384616 0.0985576923076923
1 0.05048076923076923 0.48677884615384615 0.054086538461538464 0.09615384615384616
1 0.24278846153846154 0.23197115384615385 0.055288461538461536 0.09254807692307693
1 0.11538461538461539 0.08052884615384616 0.04807692307692308 0.0673076923076923
1 0.0985576923076923 0.1310096153846154 0.03245192307692308 0.04807692307692308
1 0.42427884615384615 0.037259615384615384 0.052884615384615384 0.0733173076923077
1 0.35216346153846156 0.018028846153846152 0.036057692307692304 0.036057692307692304
1 0.4495192307692308 0.3737980769230769 0.04326923076923077 0.06850961538461539
1 0.49158653846153844 0.4879807692307692 0.05048076923076923 0.0985576923076923
1 0.4651442307692308 0.7019230769230769 0.04927884615384615 0.078125
1 0.3485576923076923 0.7295673076923077 0.056490384615384616 0.09014423076923077
1 0.38461538461538464 0.8125 0.039663461538461536 0.07572115384615384
1 0.23557692307692307 0.8689903846153846 0.051682692307692304 0.0829326923076923
1 0.1201923076923077 0.9134615384615384 0.0625 0.1045673076923077
1 0.171875 0.8605769230769231 0.03485576923076923 0.057692307692307696
1 0.7247596153846154 0.9567307692307693 0.04927884615384615 0.08533653846153846
1 0.7331730769230769 0.7331730769230769 0.036057692307692304 0.06129807692307692
1 0.8401442307692307 0.6394230769230769 0.04447115384615385 0.09615384615384616
1 0.7956730769230769 0.5300480769230769 0.04326923076923077 0.07932692307692307
1 0.7115384615384616 0.5324519230769231 0.04807692307692308 0.078125
1 0.7091346153846154 0.4675480769230769 0.042067307692307696 0.056490384615384616
1 0.7536057692307693 0.23557692307692307 0.04807692307692308 0.07572115384615384
1 0.8665865384615384 0.03485576923076923 0.05889423076923077 0.06971153846153846
1 0.9543269230769231 0.15625 0.039663461538461536 0.06370192307692307
1 0.9735576923076923 0.5961538461538461 0.042067307692307696 0.07692307692307693
1 0.9807692307692307 0.7091346153846154 0.037259615384615384 0.10697115384615384
1 0.9086538461538461 0.8882211538461539 0.04567307692307692 0.07572115384615384
1 0.6153846153846154 0.19230769230769232 0.051682692307692304 0.08052884615384616
1 0.6081730769230769 0.036057692307692304 0.042067307692307696 0.056490384615384616
1 0.6382211538461539 0.12860576923076922 0.036057692307692304 0.057692307692307696