1 0.24158653846153846 0.49759615384615385 0.055288461538461536 0.11298076923076923
1 0.09375 0.6814903846153846 0.05048076923076923 0.0985576923076923
1 0.03125 0.8040865384615384 0.055288461538461536 0.10697115384615384
1 0.15625 0.2536057692307692 0.06490384615384616 0.11177884615384616
1 0.8125 0.578125 0.04807692307692308 0.09615384615384616
1 0.34375 0.7692307692307693 0.06129807692307692 0.10697115384615384
1 0.8497596153846154 0.2764423076923077 0.046875 0.09134615384615384
1 0.7764423076923077 0.5997596153846154 0.040865384615384616 0.0889423076923077
1 0.9038461538461539 0.3173076923076923 0.04447115384615385 0.07091346153846154
1 0.8677884615384616 0.453125 0.04326923076923077 0.09134615384615384
1 0.20072115384615385 0.6069711538461539 0.04567307692307692 0.07211538461538461
1 0.7668269230769231 0.47596153846153844 0.03125 0.0625
1 0.8221153846153846 0.38221153846153844 0.040865384615384616 0.078125
1 0.8846153846153846 0.3798076923076923 0.04927884615384615 0.078125
1 0.8197115384615384 0.21514423076923078 0.03485576923076923 0.06129807692307692
1 0.8725961538461539 0.1814903846153846 0.04927884615384615 0.0829326923076923
1 0.8557692307692307 0.10817307692307693 0.037259615384615384 0.06129807692307692
1 0.8329326923076923 0.057692307692307696 0.038461538461538464 0.05889423076923077
1 0.7788461538461539 0.07572115384615384 0.02403846153846154 0.05048076923076923