1 0.44471153846153844 0.16947115384615385 0.06129807692307692 0.08173076923076923
1 0.5709134615384616 0.051682692307692304 0.04927884615384615 0.06971153846153846
1 0.5360576923076923 0.026442307692307692 0.025240384615384616 0.046875
1 0.44711538461538464 0.2644230769230769 0.0625 0.10096153846153846
1 0.40384615384615385 0.3762019230769231 0.06490384615384616 0.0985576923076923
1 0.4519230769230769 0.5408653846153846 0.04447115384615385 0.07451923076923077
1 0.3894230769230769 0.8221153846153846 0.05889423076923077 0.10216346153846154
1 0.5661057692307693 0.484375 0.0733173076923077 0.09975961538461539
1 0.6586538461538461 0.6682692307692307 0.05889423076923077 0.10096153846153846
1 0.6081730769230769 0.3425480769230769 0.04927884615384615 0.0733173076923077
1 0.6658653846153846 0.25841346153846156 0.055288461538461536 0.09735576923076923
1 0.8389423076923077 0.3076923076923077 0.046875 0.06490384615384616
1 0.8822115384615384 0.15625 0.056490384615384616 0.09495192307692307