1 0.17548076923076922 0.6814903846153846 0.08653846153846154 0.15625
1 0.3004807692307692 0.9026442307692307 0.06009615384615385 0.1141826923076923
1 0.07091346153846154 0.6826923076923077 0.055288461538461536 0.10336538461538461
1 0.3581730769230769 0.47596153846153844 0.057692307692307696 0.10697115384615384
1 0.8497596153846154 0.5216346153846154 0.055288461538461536 0.10336538461538461
1 0.8810096153846154 0.6466346153846154 0.05048076923076923 0.1045673076923077
1 0.5180288461538461 0.8918269230769231 0.057692307692307696 0.09254807692307693
1 0.5612980769230769 0.11658653846153846 0.03485576923076923 0.07091346153846154
1 0.6141826923076923 0.11658653846153846 0.03485576923076923 0.06129807692307692
1 0.6706730769230769 0.03365384615384615 0.07211538461538461 0.06490384615384616
1 0.734375 0.04807692307692308 0.03485576923076923 0.057692307692307696
1 0.5697115384615384 0.96875 0.05048076923076923 0.06009615384615385