1 0.20072115384615385 0.4206730769230769 0.07451923076923077 0.12620192307692307
1 0.7427884615384616 0.4651442307692308 0.055288461538461536 0.09495192307692307
1 0.7860576923076923 0.7379807692307693 0.056490384615384616 0.0985576923076923
1 0.07211538461538461 0.45913461538461536 0.054086538461538464 0.09495192307692307
1 0.38341346153846156 0.17427884615384615 0.06370192307692307 0.10697115384615384
1 0.8942307692307693 0.4543269230769231 0.052884615384615384 0.0985576923076923
1 0.8725961538461539 0.3088942307692308 0.052884615384615384 0.09254807692307693
1 0.10096153846153846 0.056490384615384616 0.07451923076923077 0.10216346153846154
1 0.1346153846153846 0.5913461538461539 0.04927884615384615 0.0829326923076923
1 0.2692307692307692 0.39903846153846156 0.06850961538461539 0.11057692307692307
1 0.9627403846153846 0.4723557692307692 0.038461538461538464 0.08653846153846154
1 0.03485576923076923 0.23798076923076922 0.051682692307692304 0.09134615384615384
1 0.31009615384615385 0.10096153846153846 0.055288461538461536 0.08533653846153846
1 0.8822115384615384 0.27163461538461536 0.036057692307692304 0.06490384615384616
1 0.5456730769230769 0.2439903846153846 0.04326923076923077 0.06971153846153846