1 0.14543269230769232 0.5865384615384616 0.07451923076923077 0.13942307692307693
1 0.19951923076923078 0.6081730769230769 0.06490384615384616 0.13822115384615385
1 0.2548076923076923 0.7235576923076923 0.07572115384615384 0.1502403846153846
1 0.08653846153846154 0.8317307692307693 0.056490384615384616 0.12259615384615384
1 0.0889423076923077 0.3918269230769231 0.056490384615384616 0.07572115384615384
1 0.08653846153846154 0.42908653846153844 0.039663461538461536 0.0673076923076923
1 0.2644230769230769 0.21514423076923078 0.05889423076923077 0.09975961538461539
1 0.4375 0.23317307692307693 0.06490384615384616 0.10817307692307693
1 0.49158653846153844 0.2980769230769231 0.07091346153846154 0.11778846153846154
1 0.5372596153846154 0.09735576923076923 0.04927884615384615 0.08052884615384616
1 0.6117788461538461 0.04927884615384615 0.04567307692307692 0.08774038461538461
1 0.6670673076923077 0.2692307692307692 0.05048076923076923 0.1045673076923077
1 0.6947115384615384 0.21394230769230768 0.046875 0.08774038461538461
1 0.7716346153846154 0.04807692307692308 0.04807692307692308 0.08774038461538461
1 0.8713942307692307 0.3137019230769231 0.04807692307692308 0.0985576923076923
1 0.7463942307692307 0.578125 0.054086538461538464 0.11538461538461539
1 0.6478365384615384 0.6478365384615384 0.054086538461538464 0.109375
1 0.5913461538461539 0.703125 0.05889423076923077 0.10576923076923077
1 0.6959134615384616 0.7620192307692307 0.06490384615384616 0.12139423076923077
1 0.7872596153846154 0.7139423076923077 0.06009615384615385 0.10096153846153846
1 0.3762019230769231 0.18028846153846154 0.040865384615384616 0.07932692307692307
1 0.030048076923076924 0.5372596153846154 0.052884615384615384 0.11658653846153846