1 0.07572115384615384 0.33653846153846156 0.0673076923076923 0.12740384615384615
1 0.9122596153846154 0.7223557692307693 0.08533653846153846 0.13341346153846154
1 0.3004807692307692 0.5997596153846154 0.06009615384615385 0.10817307692307693
1 0.17067307692307693 0.7512019230769231 0.06971153846153846 0.12860576923076922
1 0.22956730769230768 0.8221153846153846 0.06370192307692307 0.10817307692307693
1 0.15264423076923078 0.3401442307692308 0.06009615384615385 0.11057692307692307
1 0.3942307692307692 0.5925480769230769 0.054086538461538464 0.09975961538461539
1 0.8894230769230769 0.33533653846153844 0.0625 0.09735576923076923
1 0.0733173076923077 0.7536057692307693 0.04447115384615385 0.0829326923076923
1 0.15865384615384615 0.6730769230769231 0.06610576923076923 0.10336538461538461
1 0.16105769230769232 0.5528846153846154 0.05048076923076923 0.08533653846153846
1 0.3701923076923077 0.9519230769230769 0.06009615384615385 0.07932692307692307
1 0.4519230769230769 0.11899038461538461 0.054086538461538464 0.0625