1 0.4375 0.47836538461538464 0.07692307692307693 0.1346153846153846
1 0.8473557692307693 0.27283653846153844 0.04326923076923077 0.07572115384615384
1 0.042067307692307696 0.4651442307692308 0.05889423076923077 0.10697115384615384
1 0.25841346153846156 0.4651442307692308 0.057692307692307696 0.09975961538461539
1 0.640625 0.171875 0.04447115384615385 0.08533653846153846
1 0.9567307692307693 0.23677884615384615 0.055288461538461536 0.09134615384615384
1 0.9675480769230769 0.109375 0.04447115384615385 0.07692307692307693
1 0.5709134615384616 0.4266826923076923 0.03245192307692308 0.06490384615384616
1 0.6298076923076923 0.4074519230769231 0.03485576923076923 0.06610576923076923
1 0.8521634615384616 0.0733173076923077 0.06129807692307692 0.09495192307692307
1 0.019230769230769232 0.6778846153846154 0.038461538461538464 0.11057692307692307