1 0.7487980769230769 0.3918269230769231 0.06009615384615385 0.10817307692307693
1 0.7367788461538461 0.6838942307692307 0.056490384615384616 0.10096153846153846
1 0.2247596153846154 0.5024038461538461 0.06009615384615385 0.10697115384615384
1 0.6466346153846154 0.7415865384615384 0.05889423076923077 0.11899038461538461
1 0.6478365384615384 0.4338942307692308 0.054086538461538464 0.10216346153846154
1 0.48677884615384615 0.6947115384615384 0.052884615384615384 0.09134615384615384
1 0.7043269230769231 0.296875 0.06009615384615385 0.11057692307692307
1 0.49038461538461536 0.45072115384615385 0.04807692307692308 0.09134615384615384
1 0.37740384615384615 0.6911057692307693 0.06610576923076923 0.10697115384615384
1 0.8786057692307693 0.3076923076923077 0.04807692307692308 0.09014423076923077
1 0.32211538461538464 0.3786057692307692 0.057692307692307696 0.10817307692307693
1 0.23197115384615385 0.12980769230769232 0.06850961538461539 0.11778846153846154
1 0.39302884615384615 0.3557692307692308 0.06009615384615385 0.10697115384615384
1 0.7992788461538461 0.7211538461538461 0.04927884615384615 0.09014423076923077
1 0.06490384615384616 0.7716346153846154 0.07091346153846154 0.09975961538461539
1 0.5276442307692307 0.39302884615384615 0.057692307692307696 0.11177884615384616
1 0.5793269230769231 0.296875 0.04927884615384615 0.09014423076923077
1 0.7836538461538461 0.5949519230769231 0.046875 0.08413461538461539
1 0.05889423076923077 0.8617788461538461 0.04927884615384615 0.08653846153846154
1 0.5216346153846154 0.7908653846153846 0.05048076923076923 0.08413461538461539
1 0.8653846153846154 0.6358173076923077 0.046875 0.09254807692307693
1 0.8894230769230769 0.08052884615384616 0.051682692307692304 0.09375
1 0.18629807692307693 0.6850961538461539 0.056490384615384616 0.09615384615384616
1 0.19110576923076922 0.2536057692307692 0.04447115384615385 0.08173076923076923
1 0.8521634615384616 0.12379807692307693 0.046875 0.09615384615384616
1 0.34375 0.8329326923076923 0.06009615384615385 0.12620192307692307
1 0.390625 0.7908653846153846 0.055288461538461536 0.09375
1 0.3942307692307692 0.8762019230769231 0.051682692307692304 0.07932692307692307
1 0.8725961538461539 0.4891826923076923 0.04447115384615385 0.078125
1 0.7668269230769231 0.23197115384615385 0.04567307692307692 0.0733173076923077
1 0.7548076923076923 0.28725961538461536 0.04447115384615385 0.06370192307692307
1 0.7908653846153846 0.0625 0.04807692307692308 0.08774038461538461
1 0.6538461538461539 0.027644230769230768 0.0829326923076923 0.055288461538461536