1 0.0625 0.5060096153846154 0.05889423076923077 0.09375
1 0.28966346153846156 0.2764423076923077 0.08052884615384616 0.11658653846153846
1 0.10817307692307693 0.7067307692307693 0.07692307692307693 0.14423076923076922
1 0.3485576923076923 0.5661057692307693 0.0673076923076923 0.10336538461538461
1 0.07451923076923077 0.9122596153846154 0.06370192307692307 0.09014423076923077
1 0.23677884615384615 0.953125 0.07211538461538461 0.09254807692307693
1 0.7103365384615384 0.7043269230769231 0.046875 0.09495192307692307
1 0.7103365384615384 0.9699519230769231 0.040865384615384616 0.05889423076923077
1 0.7872596153846154 0.1778846153846154 0.036057692307692304 0.078125
1 0.7235576923076923 0.1141826923076923 0.06370192307692307 0.10576923076923077
1 0.7223557692307693 0.028846153846153848 0.06850961538461539 0.057692307692307696