1 0.12139423076923077 0.7872596153846154 0.06610576923076923 0.10336538461538461
1 0.23317307692307693 0.6298076923076923 0.07451923076923077 0.12740384615384615
1 0.45072115384615385 0.4206730769230769 0.06490384615384616 0.11298076923076923
1 0.5348557692307693 0.9050480769230769 0.06850961538461539 0.14302884615384615
1 0.5829326923076923 0.6478365384615384 0.03365384615384615 0.06129807692307692
1 0.6526442307692307 0.5276442307692307 0.0625 0.11057692307692307
1 0.7055288461538461 0.44471153846153844 0.042067307692307696 0.07932692307692307
1 0.6394230769230769 0.35096153846153844 0.03365384615384615 0.052884615384615384
1 0.5036057692307693 0.2704326923076923 0.0625 0.10336538461538461
1 0.453125 0.18509615384615385 0.04807692307692308 0.06370192307692307
1 0.5709134615384616 0.11899038461538461 0.046875 0.07451923076923077
1 0.703125 0.2776442307692308 0.06850961538461539 0.10697115384615384
1 0.8257211538461539 0.24519230769230768 0.056490384615384616 0.10576923076923077
1 0.8353365384615384 0.10697115384615384 0.057692307692307696 0.09014423076923077
1 0.9627403846153846 0.12860576923076922 0.04927884615384615 0.09134615384615384
1 0.9627403846153846 0.8100961538461539 0.04447115384615385 0.06490384615384616