1 0.30649038461538464 0.6177884615384616 0.08173076923076923 0.1466346153846154
1 0.35697115384615385 0.41947115384615385 0.09615384615384616 0.15384615384615385
1 0.19831730769230768 0.9038461538461539 0.06370192307692307 0.11538461538461539
1 0.4963942307692308 0.7475961538461539 0.078125 0.14302884615384615
1 0.5540865384615384 0.44591346153846156 0.055288461538461536 0.11057692307692307
1 0.5661057692307693 0.8149038461538461 0.08173076923076923 0.15625
1 0.5168269230769231 0.265625 0.07451923076923077 0.11658653846153846
1 0.34375 0.1141826923076923 0.05889423076923077 0.08653846153846154
1 0.24759615384615385 0.15144230769230768 0.057692307692307696 0.08653846153846154
1 0.4795673076923077 0.16105769230769232 0.06129807692307692 0.10576923076923077
1 0.234375 0.5096153846153846 0.05889423076923077 0.11658653846153846
1 0.30649038461538464 0.21033653846153846 0.057692307692307696 0.07451923076923077
1 0.2800480769230769 0.4735576923076923 0.06129807692307692 0.09495192307692307
1 0.8942307692307693 0.23197115384615385 0.051682692307692304 0.07692307692307693
1 0.8834134615384616 0.14543269230769232 0.04326923076923077 0.08653846153846154
1 0.020432692307692308 0.6081730769230769 0.040865384615384616 0.11658653846153846
1 0.7091346153846154 0.13221153846153846 0.05048076923076923 0.08774038461538461
1 0.6754807692307693 0.17548076923076922 0.04927884615384615 0.07451923076923077
1 0.5372596153846154 0.04567307692307692 0.052884615384615384 0.0829326923076923