1 0.20793269230769232 0.6310096153846154 0.07932692307692307 0.13581730769230768
1 0.9290865384615384 0.7331730769230769 0.07932692307692307 0.1346153846153846
1 0.8713942307692307 0.2247596153846154 0.08774038461538461 0.14423076923076922
1 0.055288461538461536 0.5973557692307693 0.06009615384615385 0.1045673076923077
1 0.5793269230769231 0.8064903846153846 0.055288461538461536 0.09615384615384616
1 0.6598557692307693 0.4567307692307692 0.05889423076923077 0.109375
1 0.8137019230769231 0.4098557692307692 0.057692307692307696 0.10336538461538461
1 0.6478365384615384 0.7439903846153846 0.04807692307692308 0.09254807692307693
1 0.43990384615384615 0.4254807692307692 0.04927884615384615 0.09735576923076923
1 0.5288461538461539 0.48677884615384615 0.0625 0.10096153846153846
1 0.018028846153846152 0.9230769230769231 0.03485576923076923 0.1045673076923077
1 0.515625 0.8377403846153846 0.04447115384615385 0.0733173076923077
1 0.5745192307692307 0.35336538461538464 0.040865384615384616 0.07091346153846154
1 0.6334134615384616 0.1346153846153846 0.042067307692307696 0.07451923076923077
1 0.7067307692307693 0.2956730769230769 0.03245192307692308 0.055288461538461536
1 0.7403846153846154 0.36177884615384615 0.03125 0.056490384615384616
1 0.7271634615384616 0.037259615384615384 0.052884615384615384 0.07451923076923077
1 0.5012019230769231 0.6911057692307693 0.03365384615384615 0.06610576923076923
1 0.6322115384615384 0.6141826923076923 0.037259615384615384 0.056490384615384616
1 0.9507211538461539 0.8088942307692307 0.03125 0.056490384615384616
1 0.4014423076923077 0.3161057692307692 0.03365384615384615 0.055288461538461536
1 0.41586538461538464 0.17548076923076922 0.038461538461538464 0.0625