1 0.09254807692307693 0.7223557692307693 0.06610576923076923 0.10697115384615384
1 0.35096153846153844 0.8858173076923077 0.07692307692307693 0.1346153846153846
1 0.5480769230769231 0.7728365384615384 0.07932692307692307 0.1502403846153846
1 0.5528846153846154 0.9002403846153846 0.057692307692307696 0.09375
1 0.6838942307692307 0.890625 0.06971153846153846 0.12259615384615384
1 0.4050480769230769 0.36658653846153844 0.051682692307692304 0.10216346153846154
1 0.3918269230769231 0.4411057692307692 0.07451923076923077 0.11177884615384616
1 0.34134615384615385 0.47596153846153844 0.042067307692307696 0.09014423076923077
1 0.6754807692307693 0.33413461538461536 0.05889423076923077 0.12620192307692307
1 0.6262019230769231 0.36778846153846156 0.04927884615384615 0.08774038461538461
1 0.5697115384615384 0.5949519230769231 0.06370192307692307 0.11778846153846154
1 0.6141826923076923 0.7175480769230769 0.06009615384615385 0.10216346153846154
1 0.8665865384615384 0.38100961538461536 0.055288461538461536 0.11899038461538461
1 0.9098557692307693 0.3954326923076923 0.054086538461538464 0.11538461538461539
1 0.7992788461538461 0.1814903846153846 0.06009615384615385 0.11538461538461539
1 0.8473557692307693 0.23317307692307693 0.0673076923076923 0.12860576923076922
1 0.9002403846153846 0.08413461538461539 0.040865384615384616 0.07572115384615384
1 0.5180288461538461 0.027644230769230768 0.04807692307692308 0.052884615384615384
1 0.38100961538461536 0.03125 0.055288461538461536 0.0625