1 0.5264423076923077 0.9230769230769231 0.0673076923076923 0.12620192307692307
1 0.3485576923076923 0.38100961538461536 0.05889423076923077 0.09615384615384616
1 0.13942307692307693 0.47716346153846156 0.054086538461538464 0.09254807692307693
1 0.18509615384615385 0.6274038461538461 0.04567307692307692 0.078125
1 0.3425480769230769 0.7019230769230769 0.04567307692307692 0.07091346153846154
1 0.11177884615384616 0.4110576923076923 0.04927884615384615 0.057692307692307696
1 0.17427884615384615 0.3293269230769231 0.042067307692307696 0.051682692307692304
1 0.2283653846153846 0.04807692307692308 0.054086538461538464 0.07572115384615384
1 0.4423076923076923 0.32211538461538464 0.04447115384615385 0.07451923076923077
1 0.3004807692307692 0.5096153846153846 0.037259615384615384 0.07451923076923077
1 0.21514423076923078 0.6478365384615384 0.03125 0.05889423076923077
1 0.36899038461538464 0.515625 0.038461538461538464 0.06009615384615385