1 0.29447115384615385 0.1814903846153846 0.052884615384615384 0.06971153846153846
1 0.3173076923076923 0.2800480769230769 0.056490384615384616 0.09735576923076923
1 0.25240384615384615 0.3317307692307692 0.040865384615384616 0.06009615384615385
1 0.1875 0.47475961538461536 0.04567307692307692 0.08173076923076923
1 0.22716346153846154 0.6358173076923077 0.046875 0.09375
1 0.28725961538461536 0.6490384615384616 0.038461538461538464 0.07451923076923077
1 0.4266826923076923 0.6947115384615384 0.057692307692307696 0.1045673076923077
1 0.4375 0.9002403846153846 0.038461538461538464 0.06370192307692307
1 0.1778846153846154 0.9639423076923077 0.040865384615384616 0.06490384615384616
1 0.5612980769230769 0.5961538461538461 0.04447115384615385 0.06610576923076923
1 0.484375 0.43990384615384615 0.04807692307692308 0.07451923076923077
1 0.5024038461538461 0.3329326923076923 0.04927884615384615 0.07451923076923077
1 0.5372596153846154 0.3161057692307692 0.03485576923076923 0.0733173076923077
1 0.7151442307692307 0.25 0.05889423076923077 0.09615384615384616
1 0.6538461538461539 0.5384615384615384 0.051682692307692304 0.08653846153846154
1 0.5108173076923077 0.15865384615384615 0.04807692307692308 0.07932692307692307
1 0.6370192307692307 0.17908653846153846 0.040865384615384616 0.09134615384615384