1 0.4170673076923077 0.3918269230769231 0.08533653846153846 0.1622596153846154
1 0.3389423076923077 0.8533653846153846 0.06971153846153846 0.12860576923076922
1 0.2800480769230769 0.44471153846153844 0.0733173076923077 0.13822115384615385
1 0.4963942307692308 0.6694711538461539 0.0673076923076923 0.11778846153846154
1 0.8028846153846154 0.5024038461538461 0.06971153846153846 0.11899038461538461
1 0.859375 0.265625 0.06009615384615385 0.11899038461538461
1 0.34134615384615385 0.5492788461538461 0.054086538461538464 0.10336538461538461
1 0.4254807692307692 0.22596153846153846 0.07932692307692307 0.1310096153846154
1 0.03485576923076923 0.3605769230769231 0.06610576923076923 0.11899038461538461
1 0.5336538461538461 0.07091346153846154 0.0625 0.10817307692307693
1 0.8665865384615384 0.10216346153846154 0.08774038461538461 0.15384615384615385
1 0.24519230769230768 0.7019230769230769 0.04567307692307692 0.07451923076923077
1 0.46033653846153844 0.29447115384615385 0.057692307692307696 0.09134615384615384
1 0.6694711538461539 0.08173076923076923 0.04447115384615385 0.0829326923076923