1 0.36899038461538464 0.41947115384615385 0.06850961538461539 0.10817307692307693
1 0.49158653846153844 0.1201923076923077 0.06009615384615385 0.11057692307692307
1 0.9134615384615384 0.25240384615384615 0.0625 0.10697115384615384
1 0.6875 0.20793269230769232 0.06490384615384616 0.10697115384615384
1 0.4879807692307692 0.8088942307692307 0.06490384615384616 0.11538461538461539
1 0.7055288461538461 0.3137019230769231 0.056490384615384616 0.10336538461538461
1 0.515625 0.9507211538461539 0.056490384615384616 0.09615384615384616
1 0.8088942307692307 0.32211538461538464 0.04807692307692308 0.10336538461538461
1 0.359375 0.53125 0.054086538461538464 0.0889423076923077
1 0.47716346153846156 0.30408653846153844 0.06370192307692307 0.1141826923076923
1 0.29927884615384615 0.9230769230769231 0.08653846153846154 0.109375
1 0.36177884615384615 0.7764423076923077 0.06009615384615385 0.09495192307692307
1 0.3605769230769231 0.9086538461538461 0.055288461538461536 0.09735576923076923
1 0.16826923076923078 0.41586538461538464 0.040865384615384616 0.09495192307692307
1 0.14302884615384615 0.5853365384615384 0.05048076923076923 0.0889423076923077
1 0.021634615384615384 0.6838942307692307 0.042067307692307696 0.06971153846153846
1 0.6430288461538461 0.42427884615384615 0.057692307692307696 0.14302884615384615
1 0.6875 0.4543269230769231 0.04927884615384615 0.10336538461538461
1 0.6706730769230769 0.35216346153846156 0.04807692307692308 0.09254807692307693
1 0.8052884615384616 0.17427884615384615 0.06009615384615385 0.10576923076923077
1 0.9771634615384616 0.1814903846153846 0.04447115384615385 0.1045673076923077