1 0.6201923076923077 0.4891826923076923 0.07692307692307693 0.13942307692307693
1 0.8064903846153846 0.3473557692307692 0.06971153846153846 0.14903846153846154
1 0.24278846153846154 0.41346153846153844 0.078125 0.140625
1 0.6466346153846154 0.765625 0.07091346153846154 0.13341346153846154
1 0.7944711538461539 0.5300480769230769 0.06129807692307692 0.11538461538461539
1 0.5216346153846154 0.75 0.057692307692307696 0.1045673076923077
1 0.42427884615384615 0.32572115384615385 0.06850961538461539 0.12860576923076922
1 0.039663461538461536 0.8233173076923077 0.06610576923076923 0.11538461538461539
1 0.5 0.6923076923076923 0.06370192307692307 0.10697115384615384
1 0.7427884615384616 0.6237980769230769 0.0673076923076923 0.11298076923076923
1 0.11658653846153846 0.7355769230769231 0.057692307692307696 0.11298076923076923
1 0.8497596153846154 0.5649038461538461 0.03485576923076923 0.0829326923076923
1 0.8810096153846154 0.11658653846153846 0.04326923076923077 0.08774038461538461
1 0.21033653846153846 0.6850961538461539 0.05048076923076923 0.1045673076923077
1 0.5144230769230769 0.47115384615384615 0.057692307692307696 0.09975961538461539
1 0.8317307692307693 0.08653846153846154 0.057692307692307696 0.09375
1 0.5480769230769231 0.375 0.056490384615384616 0.11538461538461539
1 0.039663461538461536 0.0985576923076923 0.056490384615384616 0.09495192307692307
1 0.38221153846153844 0.07091346153846154 0.06971153846153846 0.11658653846153846
1 0.5324519230769231 0.22355769230769232 0.052884615384615384 0.0985576923076923
1 0.48677884615384615 0.47475961538461536 0.046875 0.09375
1 0.4495192307692308 0.027644230769230768 0.06490384615384616 0.055288461538461536
1 0.5961538461538461 0.34375 0.038461538461538464 0.08653846153846154
1 0.5540865384615384 0.9639423076923077 0.057692307692307696 0.06971153846153846