1 0.8052884615384616 0.578125 0.07692307692307693 0.1466346153846154
1 0.47475961538461536 0.421875 0.08052884615384616 0.1502403846153846
1 0.06129807692307692 0.8533653846153846 0.09134615384615384 0.17668269230769232
1 0.28846153846153844 0.8197115384615384 0.0829326923076923 0.15384615384615385
1 0.7247596153846154 0.9350961538461539 0.06490384615384616 0.11899038461538461
1 0.49759615384615385 0.5925480769230769 0.06971153846153846 0.14783653846153846
1 0.7367788461538461 0.2668269230769231 0.07572115384615384 0.1310096153846154
1 0.5985576923076923 0.27163461538461536 0.06610576923076923 0.1201923076923077
1 0.8737980769230769 0.4050480769230769 0.055288461538461536 0.1045673076923077
1 0.2800480769230769 0.39783653846153844 0.04927884615384615 0.10697115384615384
1 0.9423076923076923 0.6466346153846154 0.04326923076923077 0.09735576923076923
1 0.46634615384615385 0.1141826923076923 0.0733173076923077 0.12740384615384615