1 0.12379807692307693 0.21153846153846154 0.06370192307692307 0.11298076923076923
1 0.1971153846153846 0.9242788461538461 0.06610576923076923 0.13221153846153846
1 0.6129807692307693 0.5492788461538461 0.06490384615384616 0.11899038461538461
1 0.3918269230769231 0.34375 0.0625 0.10817307692307693
1 0.44471153846153844 0.8954326923076923 0.10336538461538461 0.15504807692307693
1 0.2620192307692308 0.47115384615384615 0.08413461538461539 0.15985576923076922
1 0.0625 0.37259615384615385 0.0733173076923077 0.11658653846153846
1 0.8100961538461539 0.6598557692307693 0.0625 0.11538461538461539
1 0.10216346153846154 0.84375 0.056490384615384616 0.12139423076923077
1 0.47836538461538464 0.23557692307692307 0.0733173076923077 0.12379807692307693
1 0.10096153846153846 0.12259615384615384 0.06370192307692307 0.09615384615384616
1 0.6947115384615384 0.125 0.0673076923076923 0.11778846153846154
1 0.9302884615384616 0.056490384615384616 0.05889423076923077 0.09134615384615384
1 0.8713942307692307 0.07091346153846154 0.057692307692307696 0.08653846153846154
1 0.6117788461538461 0.7620192307692307 0.055288461538461536 0.08173076923076923
1 0.43990384615384615 0.5721153846153846 0.05048076923076923 0.11177884615384616
1 0.6189903846153846 0.265625 0.05048076923076923 0.09735576923076923