1 0.33413461538461536 0.4362980769230769 0.0673076923076923 0.1310096153846154
1 0.8341346153846154 0.22235576923076922 0.06490384615384616 0.125
1 0.4074519230769231 0.8257211538461539 0.0625 0.12139423076923077
1 0.6141826923076923 0.2980769230769231 0.06129807692307692 0.10336538461538461
1 0.09735576923076923 0.2536057692307692 0.06850961538461539 0.11538461538461539
1 0.5853365384615384 0.49158653846153844 0.046875 0.09014423076923077
1 0.42908653846153844 0.9495192307692307 0.06370192307692307 0.09375
1 0.24639423076923078 0.19110576923076922 0.06490384615384616 0.12259615384615384
1 0.030048076923076924 0.7704326923076923 0.056490384615384616 0.125
1 0.1935096153846154 0.7848557692307693 0.06009615384615385 0.08653846153846154
1 0.23557692307692307 0.3954326923076923 0.0625 0.16947115384615385
1 0.05889423076923077 0.4362980769230769 0.057692307692307696 0.11538461538461539
1 0.5925480769230769 0.1875 0.051682692307692304 0.09495192307692307
1 0.19110576923076922 0.9411057692307693 0.08173076923076923 0.0985576923076923
1 0.11778846153846154 0.6947115384615384 0.055288461538461536 0.09615384615384616
1 0.44350961538461536 0.7463942307692307 0.054086538461538464 0.09014423076923077
1 0.38221153846153844 0.06610576923076923 0.09134615384615384 0.13221153846153846
1 0.11177884615384616 0.9194711538461539 0.05889423076923077 0.09495192307692307
1 0.14903846153846154 0.8221153846153846 0.0625 0.11538461538461539
1 0.4206730769230769 0.5877403846153846 0.05889423076923077 0.10817307692307693
1 0.7355769230769231 0.18990384615384615 0.046875 0.08052884615384616