1 0.140625 0.09615384615384616 0.051682692307692304 0.07451923076923077
1 0.036057692307692304 0.18389423076923078 0.06850961538461539 0.11057692307692307
1 0.03245192307692308 0.7055288461538461 0.06370192307692307 0.140625
1 0.34375 0.7668269230769231 0.07091346153846154 0.12139423076923077
1 0.5661057692307693 0.17908653846153846 0.04807692307692308 0.078125
1 0.4795673076923077 0.29086538461538464 0.040865384615384616 0.06971153846153846
1 0.5697115384615384 0.3545673076923077 0.06009615384615385 0.09735576923076923
1 0.5216346153846154 0.3317307692307692 0.027644230769230768 0.057692307692307696
1 0.5336538461538461 0.453125 0.03485576923076923 0.052884615384615384
1 0.6069711538461539 0.5528846153846154 0.04807692307692308 0.07692307692307693
1 0.5072115384615384 0.6754807692307693 0.04447115384615385 0.09254807692307693
1 0.5805288461538461 0.8137019230769231 0.051682692307692304 0.0889423076923077
1 0.5925480769230769 0.90625 0.042067307692307696 0.09014423076923077
1 0.8040865384615384 0.7367788461538461 0.042067307692307696 0.09735576923076923
1 0.9375 0.7884615384615384 0.056490384615384616 0.10697115384615384
1 0.8677884615384616 0.5492788461538461 0.07932692307692307 0.12620192307692307
1 0.7752403846153846 0.38100961538461536 0.04326923076923077 0.07692307692307693
1 0.7043269230769231 0.3485576923076923 0.04927884615384615 0.08774038461538461
1 0.6682692307692307 0.21995192307692307 0.028846153846153848 0.054086538461538464
1 0.9266826923076923 0.18028846153846154 0.06370192307692307 0.12379807692307693
1 0.9855769230769231 0.43028846153846156 0.027644230769230768 0.10216346153846154