1 0.3870192307692308 0.21995192307692307 0.040865384615384616 0.055288461538461536
1 0.6454326923076923 0.3605769230769231 0.042067307692307696 0.078125
1 0.5516826923076923 0.4495192307692308 0.042067307692307696 0.06971153846153846
1 0.5408653846153846 0.5192307692307693 0.039663461538461536 0.06610576923076923
1 0.6033653846153846 0.5552884615384616 0.038461538461538464 0.07451923076923077
1 0.6237980769230769 0.5961538461538461 0.037259615384615384 0.06370192307692307
1 0.6466346153846154 0.6274038461538461 0.042067307692307696 0.07091346153846154
1 0.6430288461538461 0.6983173076923077 0.042067307692307696 0.0625
1 0.5877403846153846 0.7524038461538461 0.03365384615384615 0.057692307692307696
1 0.6117788461538461 0.8233173076923077 0.042067307692307696 0.08533653846153846
1 0.6814903846153846 0.7956730769230769 0.037259615384615384 0.07932692307692307
1 0.02283653846153846 0.8401442307692307 0.028846153846153848 0.07091346153846154
1 0.5805288461538461 0.34134615384615385 0.039663461538461536 0.06370192307692307