1 0.8125 0.26322115384615385 0.07451923076923077 0.12620192307692307
1 0.3737980769230769 0.19471153846153846 0.06610576923076923 0.11658653846153846
1 0.08774038461538461 0.8665865384615384 0.09615384615384616 0.15384615384615385
1 0.13822115384615385 0.3485576923076923 0.07091346153846154 0.11658653846153846
1 0.765625 0.36177884615384615 0.05889423076923077 0.0985576923076923
1 0.056490384615384616 0.578125 0.07692307692307693 0.12259615384615384
1 0.9098557692307693 0.3004807692307692 0.04807692307692308 0.07932692307692307
1 0.8990384615384616 0.40384615384615385 0.046875 0.09014423076923077
1 0.10096153846153846 0.5276442307692307 0.05889423076923077 0.0985576923076923
1 0.26322115384615385 0.7223557692307693 0.06009615384615385 0.10576923076923077
1 0.8497596153846154 0.921875 0.04326923076923077 0.07091346153846154
1 0.7728365384615384 0.4879807692307692 0.051682692307692304 0.06971153846153846
1 0.4326923076923077 0.4098557692307692 0.051682692307692304 0.08653846153846154
1 0.9735576923076923 0.29447115384615385 0.04567307692307692 0.08653846153846154
1 0.016826923076923076 0.45552884615384615 0.03245192307692308 0.09495192307692307
1 0.15264423076923078 0.8485576923076923 0.05889423076923077 0.11057692307692307
1 0.18629807692307693 0.7956730769230769 0.056490384615384616 0.1141826923076923
1 0.21995192307692307 0.7019230769230769 0.03245192307692308 0.05048076923076923