1 0.3581730769230769 0.7439903846153846 0.07211538461538461 0.14182692307692307
1 0.45552884615384615 0.7391826923076923 0.07572115384615384 0.14543269230769232
1 0.40865384615384615 0.6574519230769231 0.04326923076923077 0.10216346153846154
1 0.6322115384615384 0.5288461538461539 0.06370192307692307 0.11778846153846154
1 0.7512019230769231 0.5012019230769231 0.06490384615384616 0.1310096153846154
1 0.7175480769230769 0.35216346153846156 0.06370192307692307 0.0985576923076923
1 0.5228365384615384 0.2764423076923077 0.06490384615384616 0.11538461538461539
1 0.40024038461538464 0.19591346153846154 0.057692307692307696 0.0889423076923077
1 0.24879807692307693 0.10817307692307693 0.07211538461538461 0.11177884615384616
1 0.25841346153846156 0.037259615384615384 0.07451923076923077 0.07451923076923077
1 0.5012019230769231 0.09134615384615384 0.0733173076923077 0.13581730769230768
1 0.4735576923076923 0.04326923076923077 0.06490384615384616 0.08533653846153846
1 0.6298076923076923 0.02403846153846154 0.04807692307692308 0.046875
1 0.6754807692307693 0.07692307692307693 0.06850961538461539 0.11899038461538461