1 0.05889423076923077 0.27283653846153844 0.04807692307692308 0.0733173076923077
1 0.2620192307692308 0.027644230769230768 0.038461538461538464 0.055288461538461536
1 0.3016826923076923 0.07932692307692307 0.05048076923076923 0.07091346153846154
1 0.21754807692307693 0.5420673076923077 0.06850961538461539 0.11177884615384616
1 0.29447115384615385 0.6201923076923077 0.042067307692307696 0.08533653846153846
1 0.32211538461538464 0.3762019230769231 0.057692307692307696 0.09975961538461539
1 0.4170673076923077 0.4963942307692308 0.06009615384615385 0.09495192307692307
1 0.41586538461538464 0.7319711538461539 0.08052884615384616 0.12620192307692307
1 0.4639423076923077 0.6057692307692307 0.07091346153846154 0.11057692307692307
1 0.5769230769230769 0.5036057692307693 0.07692307692307693 0.1201923076923077
1 0.6310096153846154 0.8425480769230769 0.08533653846153846 0.14783653846153846
1 0.6814903846153846 0.2644230769230769 0.06129807692307692 0.09975961538461539
1 0.5564903846153846 0.17307692307692307 0.04927884615384615 0.06490384615384616
1 0.43149038461538464 0.20793269230769232 0.05048076923076923 0.07211538461538461
1 0.9747596153846154 0.2980769230769231 0.04567307692307692 0.08173076923076923