1 0.018028846153846152 0.07572115384615384 0.03125 0.06971153846153846
1 0.03365384615384615 0.23317307692307693 0.040865384615384616 0.11057692307692307
1 0.24759615384615385 0.15745192307692307 0.04447115384615385 0.08653846153846154
1 0.26802884615384615 0.5721153846153846 0.036057692307692304 0.06850961538461539
1 0.2980769230769231 0.7764423076923077 0.030048076923076924 0.05048076923076923
1 0.4519230769230769 0.7596153846153846 0.06370192307692307 0.09975961538461539
1 0.4074519230769231 0.8858173076923077 0.04447115384615385 0.0733173076923077
1 0.7620192307692307 0.7103365384615384 0.042067307692307696 0.07572115384615384
1 0.34134615384615385 0.3004807692307692 0.07211538461538461 0.11177884615384616
1 0.7524038461538461 0.25721153846153844 0.04447115384615385 0.08173076923076923
1 0.8233173076923077 0.22716346153846154 0.052884615384615384 0.08774038461538461
1 0.7079326923076923 0.20793269230769232 0.05048076923076923 0.08774038461538461
1 0.6899038461538461 0.14543269230769232 0.05048076923076923 0.08533653846153846
1 0.6826923076923077 0.06490384615384616 0.04927884615384615 0.08533653846153846
1 0.7740384615384616 0.14423076923076922 0.042067307692307696 0.06490384615384616
1 0.796875 0.03245192307692308 0.038461538461538464 0.06490384615384616
1 0.7932692307692307 0.07692307692307693 0.056490384615384616 0.0733173076923077
1 0.8401442307692307 0.025240384615384616 0.04326923076923077 0.04927884615384615