1 0.04567307692307692 0.09254807692307693 0.07572115384615384 0.11899038461538461
1 0.34134615384615385 0.16826923076923078 0.05889423076923077 0.07572115384615384
1 0.1201923076923077 0.296875 0.039663461538461536 0.06971153846153846
1 0.15625 0.4735576923076923 0.046875 0.07692307692307693
1 0.2548076923076923 0.5637019230769231 0.056490384615384616 0.08774038461538461
1 0.19591346153846154 0.9314903846153846 0.06490384615384616 0.11298076923076923
1 0.3004807692307692 0.875 0.06370192307692307 0.11057692307692307
1 0.3942307692307692 0.6322115384615384 0.054086538461538464 0.10096153846153846
1 0.41586538461538464 0.9038461538461539 0.07451923076923077 0.14423076923076922
1 0.5480769230769231 0.8689903846153846 0.04807692307692308 0.09375
1 0.5661057692307693 0.30288461538461536 0.06009615384615385 0.11778846153846154
1 0.45072115384615385 0.125 0.028846153846153848 0.052884615384615384
1 0.71875 0.14423076923076922 0.04447115384615385 0.09375
1 0.6442307692307693 0.037259615384615384 0.07451923076923077 0.07451923076923077