1 0.06129807692307692 0.04326923076923077 0.036057692307692304 0.054086538461538464
1 0.1310096153846154 0.0733173076923077 0.04326923076923077 0.07091346153846154
1 0.17668269230769232 0.04567307692307692 0.04447115384615385 0.08052884615384616
1 0.2548076923076923 0.08774038461538461 0.056490384615384616 0.0889423076923077
1 0.12740384615384615 0.265625 0.04927884615384615 0.08413461538461539
1 0.11298076923076923 0.33052884615384615 0.04807692307692308 0.078125
1 0.14903846153846154 0.44350961538461536 0.0625 0.09975961538461539
1 0.2800480769230769 0.640625 0.040865384615384616 0.07572115384615384
1 0.22115384615384615 0.9326923076923077 0.037259615384615384 0.07572115384615384
1 0.32211538461538464 0.9759615384615384 0.06129807692307692 0.046875
1 0.4206730769230769 0.9447115384615384 0.04927884615384615 0.0829326923076923
1 0.5120192307692307 0.9675480769230769 0.052884615384615384 0.06370192307692307
1 0.6009615384615384 0.859375 0.040865384615384616 0.07572115384615384
1 0.6382211538461539 0.8581730769230769 0.03365384615384615 0.0829326923076923
1 0.6418269230769231 0.5504807692307693 0.07091346153846154 0.12379807692307693
1 0.515625 0.6742788461538461 0.04927884615384615 0.08173076923076923
1 0.4495192307692308 0.7079326923076923 0.042067307692307696 0.07572115384615384
1 0.38822115384615385 0.7283653846153846 0.04927884615384615 0.07692307692307693
1 0.390625 0.6165865384615384 0.055288461538461536 0.09254807692307693
1 0.3629807692307692 0.4495192307692308 0.051682692307692304 0.08533653846153846
1 0.42788461538461536 0.49759615384615385 0.056490384615384616 0.10336538461538461
1 0.48677884615384615 0.5516826923076923 0.04807692307692308 0.09495192307692307
1 0.5372596153846154 0.4651442307692308 0.07932692307692307 0.13942307692307693
1 0.4098557692307692 0.3473557692307692 0.06370192307692307 0.1141826923076923
1 0.5132211538461539 0.15384615384615385 0.0889423076923077 0.140625
1 0.609375 0.23317307692307693 0.08533653846153846 0.1622596153846154
1 0.7307692307692307 0.19591346153846154 0.06370192307692307 0.10697115384615384
1 0.8894230769230769 0.44591346153846156 0.020432692307692308 0.051682692307692304