1 0.09254807692307693 0.5384615384615384 0.052884615384615384 0.0985576923076923
1 0.23076923076923078 0.828125 0.08052884615384616 0.15144230769230768
1 0.6298076923076923 0.6586538461538461 0.06009615384615385 0.11177884615384616
1 0.5925480769230769 0.45913461538461536 0.06490384615384616 0.12139423076923077
1 0.8365384615384616 0.43149038461538464 0.09735576923076923 0.14182692307692307
1 0.23076923076923078 0.5240384615384616 0.07211538461538461 0.13942307692307693
1 0.4963942307692308 0.390625 0.06009615384615385 0.1310096153846154
1 0.35096153846153844 0.7692307692307693 0.0625 0.10576923076923077
1 0.30288461538461536 0.6502403846153846 0.04927884615384615 0.10817307692307693
1 0.5144230769230769 0.8665865384615384 0.056490384615384616 0.0985576923076923
1 0.9302884615384616 0.38341346153846156 0.052884615384615384 0.09014423076923077
1 0.4206730769230769 0.4735576923076923 0.046875 0.08413461538461539
1 0.6754807692307693 0.2764423076923077 0.06370192307692307 0.10216346153846154
1 0.5576923076923077 0.6995192307692307 0.054086538461538464 0.10697115384615384
1 0.21634615384615385 0.7067307692307693 0.04326923076923077 0.056490384615384616
1 0.46274038461538464 0.8413461538461539 0.046875 0.09254807692307693
1 0.41225961538461536 0.7728365384615384 0.051682692307692304 0.09014423076923077
1 0.38461538461538464 0.8641826923076923 0.051682692307692304 0.0733173076923077
1 0.29086538461538464 0.5528846153846154 0.04447115384615385 0.08653846153846154
1 0.36177884615384615 0.04326923076923077 0.05889423076923077 0.08653846153846154
1 0.21394230769230768 0.11177884615384616 0.038461538461538464 0.078125
1 0.32211538461538464 0.24278846153846154 0.046875 0.078125
1 0.33653846153846156 0.3161057692307692 0.0673076923076923 0.11658653846153846