1 0.5036057692307693 0.8185096153846154 0.06971153846153846 0.13221153846153846
1 0.6129807692307693 0.5 0.07211538461538461 0.12259615384615384
1 0.7572115384615384 0.49759615384615385 0.054086538461538464 0.11538461538461539
1 0.4795673076923077 0.21394230769230768 0.057692307692307696 0.10096153846153846
1 0.43990384615384615 0.953125 0.052884615384615384 0.078125
1 0.4170673076923077 0.35336538461538464 0.04326923076923077 0.08653846153846154
1 0.11057692307692307 0.7439903846153846 0.05048076923076923 0.09254807692307693
1 0.2403846153846154 0.671875 0.06009615384615385 0.12740384615384615
1 0.33052884615384615 0.6911057692307693 0.042067307692307696 0.078125
1 0.015625 0.9170673076923077 0.03125 0.10697115384615384
1 0.1658653846153846 0.039663461538461536 0.057692307692307696 0.07932692307692307
1 0.11778846153846154 0.9651442307692307 0.057692307692307696 0.0673076923076923
1 0.5432692307692307 0.484375 0.042067307692307696 0.08052884615384616