1 0.04447115384615385 0.06370192307692307 0.036057692307692304 0.056490384615384616
1 0.22115384615384615 0.21875 0.05048076923076923 0.07932692307692307
1 0.25721153846153844 0.3605769230769231 0.040865384615384616 0.06009615384615385
1 0.1814903846153846 0.5192307692307693 0.04567307692307692 0.08052884615384616
1 0.015625 0.8665865384615384 0.03125 0.0985576923076923
1 0.0889423076923077 0.9495192307692307 0.0673076923076923 0.09615384615384616
1 0.28846153846153844 0.6875 0.051682692307692304 0.08533653846153846
1 0.3016826923076923 0.625 0.054086538461538464 0.07091346153846154
1 0.4110576923076923 0.8786057692307693 0.06129807692307692 0.10576923076923077
1 0.4387019230769231 0.5973557692307693 0.05889423076923077 0.10817307692307693
1 0.5925480769230769 0.6838942307692307 0.055288461538461536 0.0985576923076923
1 0.7151442307692307 0.6430288461538461 0.056490384615384616 0.09735576923076923
1 0.8016826923076923 0.44471153846153844 0.04447115384615385 0.08173076923076923
1 0.6814903846153846 0.4014423076923077 0.04927884615384615 0.09735576923076923
1 0.5997596153846154 0.27884615384615385 0.026442307692307692 0.038461538461538464
1 0.5408653846153846 0.30649038461538464 0.03245192307692308 0.054086538461538464
1 0.45913461538461536 0.3137019230769231 0.039663461538461536 0.052884615384615384
1 0.45072115384615385 0.45552884615384615 0.056490384615384616 0.1045673076923077
1 0.34134615384615385 0.18629807692307693 0.04927884615384615 0.06129807692307692
1 0.3918269230769231 0.057692307692307696 0.04567307692307692 0.0625
1 0.38822115384615385 0.12740384615384615 0.036057692307692304 0.05889423076923077
1 0.6213942307692307 0.08774038461538461 0.051682692307692304 0.0829326923076923
1 0.5829326923076923 0.04447115384615385 0.03125 0.0625
1 0.4675480769230769 0.020432692307692308 0.036057692307692304 0.040865384615384616
1 0.5372596153846154 0.9459134615384616 0.051682692307692304 0.08774038461538461