1 0.484375 0.14302884615384615 0.07692307692307693 0.14543269230769232
1 0.6430288461538461 0.2548076923076923 0.0673076923076923 0.1310096153846154
1 0.6995192307692307 0.3245192307692308 0.056490384615384616 0.11658653846153846
1 0.71875 0.25 0.055288461538461536 0.0985576923076923
1 0.7259615384615384 0.06009615384615385 0.07692307692307693 0.1201923076923077
1 0.7980769230769231 0.08653846153846154 0.052884615384615384 0.09495192307692307
1 0.24158653846153846 0.3894230769230769 0.055288461538461536 0.10216346153846154
1 0.24759615384615385 0.5036057692307693 0.08413461538461539 0.125
1 0.0889423076923077 0.546875 0.054086538461538464 0.09375
1 0.15144230769230768 0.8257211538461539 0.057692307692307696 0.10216346153846154
1 0.15985576923076922 0.9495192307692307 0.055288461538461536 0.09615384615384616
1 0.27884615384615385 0.8088942307692307 0.054086538461538464 0.10216346153846154
1 0.3473557692307692 0.71875 0.046875 0.09254807692307693
1 0.6358173076923077 0.7740384615384616 0.0889423076923077 0.16105769230769232
1 0.7379807692307693 0.5949519230769231 0.06370192307692307 0.109375
1 0.7451923076923077 0.7848557692307693 0.06370192307692307 0.11658653846153846
1 0.7872596153846154 0.8894230769230769 0.07572115384615384 0.14543269230769232
1 0.9146634615384616 0.5420673076923077 0.0733173076923077 0.14182692307692307
1 0.8269230769230769 0.47115384615384615 0.056490384615384616 0.1141826923076923