1 0.09134615384615384 0.38341346153846156 0.06129807692307692 0.09975961538461539
1 0.2536057692307692 0.17908653846153846 0.06971153846153846 0.11298076923076923
1 0.9663461538461539 0.5709134615384616 0.046875 0.0985576923076923
1 0.9495192307692307 0.7283653846153846 0.054086538461538464 0.10576923076923077
1 0.7836538461538461 0.5637019230769231 0.05048076923076923 0.09014423076923077
1 0.052884615384615384 0.17307692307692307 0.051682692307692304 0.08774038461538461
1 0.14783653846153846 0.10576923076923077 0.06009615384615385 0.09134615384615384
1 0.8125 0.1201923076923077 0.04807692307692308 0.07692307692307693
1 0.09014423076923077 0.11177884615384616 0.055288461538461536 0.08653846153846154
1 0.7872596153846154 0.4987980769230769 0.05048076923076923 0.09134615384615384
1 0.02403846153846154 0.1141826923076923 0.04807692307692308 0.11177884615384616
1 0.06129807692307692 0.021634615384615384 0.06009615384615385 0.04326923076923077
1 0.9879807692307693 0.671875 0.02283653846153846 0.10576923076923077