1 0.04567307692307692 0.06129807692307692 0.08533653846153846 0.12259615384615384
1 0.013221153846153846 0.31009615384615385 0.025240384615384616 0.08052884615384616
1 0.25961538461538464 0.3641826923076923 0.06850961538461539 0.10336538461538461
1 0.25961538461538464 0.4987980769230769 0.07572115384615384 0.11658653846153846
1 0.08774038461538461 0.7259615384615384 0.0829326923076923 0.13942307692307693
1 0.22355769230769232 0.6694711538461539 0.07692307692307693 0.125
1 0.22956730769230768 0.8149038461538461 0.04807692307692308 0.07692307692307693
1 0.3112980769230769 0.7055288461538461 0.07091346153846154 0.12740384615384615
1 0.3641826923076923 0.7644230769230769 0.054086538461538464 0.09375
1 0.39302884615384615 0.8569711538461539 0.04567307692307692 0.0889423076923077
1 0.4182692307692308 0.7271634615384616 0.03125 0.06971153846153846
1 0.49158653846153844 0.8016826923076923 0.040865384615384616 0.0829326923076923
1 0.5204326923076923 0.8978365384615384 0.03485576923076923 0.07572115384615384
1 0.6598557692307693 0.8918269230769231 0.06610576923076923 0.12980769230769232
1 0.609375 0.43990384615384615 0.057692307692307696 0.10697115384615384
1 0.7644230769230769 0.48197115384615385 0.06009615384615385 0.11538461538461539
1 0.9651442307692307 0.5552884615384616 0.04447115384615385 0.09495192307692307
1 0.953125 0.18389423076923078 0.037259615384615384 0.06009615384615385
1 0.6935096153846154 0.06971153846153846 0.05048076923076923 0.09014423076923077
1 0.7211538461538461 0.026442307692307692 0.03365384615384615 0.051682692307692304
1 0.47716346153846156 0.15504807692307693 0.055288461538461536 0.09014423076923077
1 0.4411057692307692 0.020432692307692308 0.051682692307692304 0.040865384615384616