1 0.39903846153846156 0.8305288461538461 0.0829326923076923 0.13822115384615385
1 0.7620192307692307 0.4338942307692308 0.07091346153846154 0.12740384615384615
1 0.31850961538461536 0.6670673076923077 0.0673076923076923 0.11538461538461539
1 0.20432692307692307 0.6105769230769231 0.07091346153846154 0.11899038461538461
1 0.47596153846153844 0.5504807692307693 0.06610576923076923 0.12379807692307693
1 0.5348557692307693 0.9290865384615384 0.052884615384615384 0.10336538461538461
1 0.38221153846153844 0.31490384615384615 0.06610576923076923 0.10817307692307693
1 0.9627403846153846 0.21754807692307693 0.07091346153846154 0.15504807692307693
1 0.7271634615384616 0.12139423076923077 0.04807692307692308 0.08533653846153846
1 0.3581730769230769 0.08052884615384616 0.05048076923076923 0.078125
1 0.6153846153846154 0.03125 0.0625 0.0625
1 0.9771634615384616 0.4543269230769231 0.040865384615384616 0.1201923076923077