1 0.3317307692307692 0.5997596153846154 0.06850961538461539 0.1201923076923077
1 0.7451923076923077 0.38822115384615385 0.0673076923076923 0.11538461538461539
1 0.07211538461538461 0.7331730769230769 0.06850961538461539 0.11899038461538461
1 0.46153846153846156 0.3870192307692308 0.057692307692307696 0.09615384615384616
1 0.5745192307692307 0.1201923076923077 0.055288461538461536 0.09014423076923077
1 0.5504807692307693 0.3076923076923077 0.046875 0.08413461538461539
1 0.5961538461538461 0.640625 0.057692307692307696 0.0985576923076923
1 0.0733173076923077 0.6069711538461539 0.04326923076923077 0.07211538461538461
1 0.17548076923076922 0.3425480769230769 0.054086538461538464 0.08653846153846154
1 0.6911057692307693 0.2536057692307692 0.05889423076923077 0.0985576923076923
1 0.17548076923076922 0.1658653846153846 0.0625 0.09014423076923077
1 0.5048076923076923 0.3016826923076923 0.052884615384615384 0.09014423076923077
1 0.027644230769230768 0.9314903846153846 0.054086538461538464 0.09254807692307693
1 0.49038461538461536 0.6117788461538461 0.051682692307692304 0.07692307692307693
1 0.22115384615384615 0.4230769230769231 0.04567307692307692 0.07692307692307693
1 0.7127403846153846 0.030048076923076924 0.0625 0.06009615384615385