1 0.36899038461538464 0.34615384615384615 0.07211538461538461 0.1346153846153846
1 0.5228365384615384 0.7295673076923077 0.07692307692307693 0.13942307692307693
1 0.6658653846153846 0.5288461538461539 0.09495192307692307 0.13822115384615385
1 0.36538461538461536 0.734375 0.06850961538461539 0.12860576923076922
1 0.8149038461538461 0.24278846153846154 0.06610576923076923 0.12379807692307693
1 0.9194711538461539 0.34975961538461536 0.0625 0.10336538461538461
1 0.18870192307692307 0.7860576923076923 0.056490384615384616 0.10336538461538461
1 0.8774038461538461 0.22355769230769232 0.06610576923076923 0.10817307692307693
1 0.4951923076923077 0.0733173076923077 0.09375 0.1466346153846154
1 0.29447115384615385 0.11658653846153846 0.06850961538461539 0.125
1 0.7055288461538461 0.5348557692307693 0.057692307692307696 0.10697115384615384
1 0.9771634615384616 0.203125 0.040865384615384616 0.11298076923076923
1 0.984375 0.36177884615384615 0.028846153846153848 0.10216346153846154