1 0.11899038461538461 0.4050480769230769 0.06129807692307692 0.0985576923076923
1 0.4170673076923077 0.39783653846153844 0.06610576923076923 0.11658653846153846
1 0.6141826923076923 0.2860576923076923 0.055288461538461536 0.0829326923076923
1 0.4362980769230769 0.5877403846153846 0.06009615384615385 0.1141826923076923
1 0.859375 0.0889423076923077 0.04927884615384615 0.078125
1 0.3389423076923077 0.5829326923076923 0.040865384615384616 0.07572115384615384
1 0.328125 0.109375 0.04927884615384615 0.08173076923076923
1 0.21995192307692307 0.5913461538461539 0.038461538461538464 0.078125
1 0.13822115384615385 0.21033653846153846 0.036057692307692304 0.0625
1 0.7007211538461539 0.3293269230769231 0.040865384615384616 0.0829326923076923
1 0.8064903846153846 0.027644230769230768 0.028846153846153848 0.055288461538461536
1 0.9723557692307693 0.23317307692307693 0.026442307692307692 0.052884615384615384
1 0.40625 0.5997596153846154 0.046875 0.0889423076923077