1 0.3557692307692308 0.39903846153846156 0.06971153846153846 0.11899038461538461
1 0.171875 0.7451923076923077 0.07692307692307693 0.14302884615384615
1 0.13221153846153846 0.9206730769230769 0.06370192307692307 0.12980769230769232
1 0.3894230769230769 0.8725961538461539 0.0733173076923077 0.13581730769230768
1 0.6274038461538461 0.7199519230769231 0.06610576923076923 0.1201923076923077
1 0.6153846153846154 0.140625 0.054086538461538464 0.08774038461538461
1 0.5408653846153846 0.12620192307692307 0.054086538461538464 0.10817307692307693
1 0.484375 0.20072115384615385 0.057692307692307696 0.10336538461538461
1 0.6875 0.06370192307692307 0.052884615384615384 0.09615384615384616
1 0.3293269230769231 0.5997596153846154 0.06370192307692307 0.1045673076923077
1 0.8677884615384616 0.5144230769230769 0.020432692307692308 0.08774038461538461
1 0.6959134615384616 0.25841346153846156 0.04807692307692308 0.08533653846153846