1 0.2548076923076923 0.1814903846153846 0.056490384615384616 0.07451923076923077
1 0.2620192307692308 0.35336538461538464 0.056490384615384616 0.07692307692307693
1 0.02403846153846154 0.9567307692307693 0.04807692307692308 0.08173076923076923
1 0.27524038461538464 0.71875 0.04567307692307692 0.0733173076923077
1 0.37740384615384615 0.2536057692307692 0.055288461538461536 0.08052884615384616
1 0.4326923076923077 0.3545673076923077 0.052884615384615384 0.07572115384615384
1 0.4987980769230769 0.2776442307692308 0.052884615384615384 0.06370192307692307
1 0.5228365384615384 0.35216346153846156 0.052884615384615384 0.08653846153846154
1 0.6141826923076923 0.18629807692307693 0.04807692307692308 0.09134615384615384
1 0.5973557692307693 0.036057692307692304 0.04807692307692308 0.06490384615384616
1 0.6490384615384616 0.03365384615384615 0.04447115384615385 0.0673076923076923
1 0.7307692307692307 0.08173076923076923 0.06490384615384616 0.10817307692307693
1 0.8942307692307693 0.07572115384615384 0.06129807692307692 0.10336538461538461
1 0.7175480769230769 0.3425480769230769 0.055288461538461536 0.08413461538461539
1 0.7584134615384616 0.5384615384615384 0.056490384615384616 0.10096153846153846
1 0.8653846153846154 0.6177884615384616 0.039663461538461536 0.07932692307692307
1 0.9735576923076923 0.5564903846153846 0.051682692307692304 0.078125
1 0.5012019230769231 0.8269230769230769 0.04567307692307692 0.09254807692307693