1 0.42788461538461536 0.13221153846153846 0.04807692307692308 0.08173076923076923
1 0.4879807692307692 0.14182692307692307 0.03245192307692308 0.057692307692307696
1 0.625 0.16706730769230768 0.055288461538461536 0.09615384615384616
1 0.7487980769230769 0.12259615384615384 0.036057692307692304 0.057692307692307696
1 0.8389423076923077 0.09254807692307693 0.052884615384615384 0.0733173076923077
1 0.6165865384615384 0.38221153846153844 0.03245192307692308 0.057692307692307696
1 0.43028846153846156 0.4170673076923077 0.06009615384615385 0.09014423076923077
1 0.21754807692307693 0.4567307692307692 0.042067307692307696 0.0673076923076923
1 0.34134615384615385 0.4891826923076923 0.03485576923076923 0.06370192307692307
1 0.42908653846153844 0.5865384615384616 0.04807692307692308 0.06610576923076923
1 0.4326923076923077 0.6658653846153846 0.057692307692307696 0.09375
1 0.6370192307692307 0.9615384615384616 0.05889423076923077 0.07572115384615384
1 0.29447115384615385 0.8737980769230769 0.06490384615384616 0.11658653846153846
1 0.10697115384615384 0.6141826923076923 0.05889423076923077 0.10096153846153846
1 0.11899038461538461 0.5456730769230769 0.05048076923076923 0.04807692307692308
1 0.0889423076923077 0.7307692307692307 0.057692307692307696 0.09134615384615384
1 0.21634615384615385 0.8701923076923077 0.03485576923076923 0.056490384615384616
1 0.22716346153846154 0.9483173076923077 0.056490384615384616 0.08173076923076923
1 0.13581730769230768 0.9567307692307693 0.05048076923076923 0.08413461538461539