1 0.040865384615384616 0.234375 0.06610576923076923 0.10096153846153846
1 0.23317307692307693 0.17427884615384615 0.0625 0.10576923076923077
1 0.31850961538461536 0.09495192307692307 0.04326923076923077 0.08173076923076923
1 0.06370192307692307 0.609375 0.07692307692307693 0.109375
1 0.2439903846153846 0.6790865384615384 0.07091346153846154 0.11538461538461539
1 0.5288461538461539 0.7451923076923077 0.05889423076923077 0.11538461538461539
1 0.6706730769230769 0.6586538461538461 0.046875 0.08173076923076923
1 0.7475961538461539 0.796875 0.04567307692307692 0.08774038461538461
1 0.7475961538461539 0.8834134615384616 0.04447115384615385 0.0889423076923077
1 0.9603365384615384 0.7367788461538461 0.04567307692307692 0.08533653846153846
1 0.7824519230769231 0.5528846153846154 0.040865384615384616 0.07451923076923077
1 0.6189903846153846 0.2932692307692308 0.042067307692307696 0.0673076923076923
1 0.71875 0.19591346153846154 0.04326923076923077 0.06971153846153846
1 0.6935096153846154 0.3425480769230769 0.030048076923076924 0.057692307692307696
1 0.7415865384615384 0.3641826923076923 0.06129807692307692 0.10216346153846154
1 0.6622596153846154 0.4543269230769231 0.040865384615384616 0.04447115384615385
1 0.8245192307692307 0.23677884615384615 0.025240384615384616 0.040865384615384616
1 0.8725961538461539 0.35096153846153844 0.039663461538461536 0.07451923076923077
1 0.9362980769230769 0.3918269230769231 0.038461538461538464 0.0829326923076923