1 0.6225961538461539 0.41466346153846156 0.055288461538461536 0.11177884615384616
1 0.5024038461538461 0.48197115384615385 0.06009615384615385 0.10817307692307693
1 0.4495192307692308 0.3701923076923077 0.05048076923076923 0.10096153846153846
1 0.27403846153846156 0.4230769230769231 0.042067307692307696 0.07451923076923077
1 0.3557692307692308 0.6550480769230769 0.05889423076923077 0.09495192307692307
1 0.34615384615384615 0.7487980769230769 0.04807692307692308 0.08774038461538461
1 0.18389423076923078 0.6742788461538461 0.036057692307692304 0.07091346153846154
1 0.15625 0.8569711538461539 0.04447115384615385 0.0829326923076923
1 0.5985576923076923 0.5829326923076923 0.054086538461538464 0.10336538461538461
1 0.6358173076923077 0.6033653846153846 0.04447115384615385 0.0889423076923077
1 0.6454326923076923 0.4963942307692308 0.04927884615384615 0.08413461538461539
1 0.7427884615384616 0.4699519230769231 0.037259615384615384 0.0829326923076923
1 0.7223557692307693 0.35216346153846156 0.05048076923076923 0.09375
1 0.8353365384615384 0.3786057692307692 0.055288461538461536 0.0985576923076923
1 0.8978365384615384 0.28846153846153844 0.046875 0.08653846153846154
1 0.9579326923076923 0.2860576923076923 0.040865384615384616 0.07572115384615384
1 0.7115384615384616 0.08413461538461539 0.054086538461538464 0.09375
1 0.7043269230769231 0.12620192307692307 0.042067307692307696 0.07211538461538461
1 0.609375 0.125 0.04807692307692308 0.10576923076923077
1 0.5444711538461539 0.16105769230769232 0.055288461538461536 0.09495192307692307
1 0.3870192307692308 0.051682692307692304 0.06009615384615385 0.10216346153846154
1 0.49038461538461536 0.9735576923076923 0.052884615384615384 0.05048076923076923
1 0.8353365384615384 0.04927884615384615 0.042067307692307696 0.08173076923076923