1 0.5048076923076923 0.5504807692307693 0.056490384615384616 0.11057692307692307
1 0.25240384615384615 0.46875 0.07091346153846154 0.11899038461538461
1 0.33774038461538464 0.9254807692307693 0.07211538461538461 0.11057692307692307
1 0.18509615384615385 0.5288461538461539 0.078125 0.13942307692307693
1 0.28846153846153844 0.6442307692307693 0.06850961538461539 0.12139423076923077
1 0.8161057692307693 0.4795673076923077 0.0673076923076923 0.11899038461538461
1 0.21634615384615385 0.3870192307692308 0.07211538461538461 0.11298076923076923
1 0.5024038461538461 0.7175480769230769 0.046875 0.08774038461538461
1 0.039663461538461536 0.5841346153846154 0.06370192307692307 0.10576923076923077
1 0.9350961538461539 0.17307692307692307 0.038461538461538464 0.07692307692307693
1 0.6983173076923077 0.49158653846153844 0.046875 0.0829326923076923
1 0.31009615384615385 0.18389423076923078 0.038461538461538464 0.11057692307692307
1 0.19951923076923078 0.24759615384615385 0.04326923076923077 0.078125
1 0.9447115384615384 0.39302884615384615 0.030048076923076924 0.07211538461538461
1 0.9122596153846154 0.4230769230769231 0.026442307692307692 0.06850961538461539