1 0.04807692307692308 0.020432692307692308 0.04807692307692308 0.040865384615384616
1 0.04447115384615385 0.07451923076923077 0.04807692307692308 0.06610576923076923
1 0.052884615384615384 0.1971153846153846 0.03485576923076923 0.07211538461538461
1 0.09014423076923077 0.21995192307692307 0.04807692307692308 0.06850961538461539
1 0.1658653846153846 0.15264423076923078 0.040865384615384616 0.06971153846153846
1 0.19471153846153846 0.055288461538461536 0.04567307692307692 0.0733173076923077
1 0.3112980769230769 0.09014423076923077 0.05889423076923077 0.08774038461538461
1 0.12740384615384615 0.3245192307692308 0.06009615384615385 0.09615384615384616
1 0.015625 0.4483173076923077 0.03125 0.09375
1 0.0733173076923077 0.9014423076923077 0.040865384615384616 0.07572115384615384
1 0.16947115384615385 0.7427884615384616 0.05048076923076923 0.0889423076923077
1 0.20793269230769232 0.84375 0.05048076923076923 0.10096153846153846
1 0.17908653846153846 0.9290865384615384 0.054086538461538464 0.09615384615384616
1 0.22596153846153846 0.6694711538461539 0.054086538461538464 0.11298076923076923
1 0.2620192307692308 0.9206730769230769 0.04567307692307692 0.08533653846153846
1 0.3137019230769231 0.8737980769230769 0.0829326923076923 0.14783653846153846
1 0.3737980769230769 0.7319711538461539 0.08774038461538461 0.16706730769230768
1 0.3425480769230769 0.5348557692307693 0.08653846153846154 0.12860576923076922
1 0.421875 0.9579326923076923 0.07692307692307693 0.0829326923076923
1 0.3858173076923077 0.296875 0.07932692307692307 0.125
1 0.5661057692307693 0.6550480769230769 0.0673076923076923 0.12139423076923077
1 0.625 0.0829326923076923 0.06971153846153846 0.109375
1 0.6658653846153846 0.25240384615384615 0.07091346153846154 0.11538461538461539
1 0.7848557692307693 0.2247596153846154 0.06610576923076923 0.09254807692307693
1 0.7884615384615384 0.30408653846153844 0.08052884615384616 0.0829326923076923
1 0.8894230769230769 0.2932692307692308 0.04927884615384615 0.0889423076923077
1 0.9350961538461539 0.9350961538461539 0.05889423076923077 0.109375