1 0.11899038461538461 0.10697115384615384 0.026442307692307692 0.036057692307692304
1 0.23197115384615385 0.06971153846153846 0.03485576923076923 0.039663461538461536
1 0.15144230769230768 0.3137019230769231 0.040865384615384616 0.05048076923076923
1 0.07451923076923077 0.46033653846153844 0.028846153846153848 0.03485576923076923
1 0.35096153846153844 0.6526442307692307 0.05048076923076923 0.07091346153846154
1 0.26322115384615385 0.7872596153846154 0.055288461538461536 0.09615384615384616
1 0.359375 0.7572115384615384 0.04447115384615385 0.0673076923076923
1 0.234375 0.9723557692307693 0.06129807692307692 0.054086538461538464
1 0.43509615384615385 0.9735576923076923 0.06129807692307692 0.05048076923076923
1 0.8016826923076923 0.8016826923076923 0.06009615384615385 0.10216346153846154
1 0.7632211538461539 0.8221153846153846 0.04567307692307692 0.09014423076923077
1 0.8064903846153846 0.9170673076923077 0.06009615384615385 0.09495192307692307
1 0.8545673076923077 0.8689903846153846 0.05048076923076923 0.0829326923076923
1 0.8774038461538461 0.6862980769230769 0.057692307692307696 0.08413461538461539
1 0.9807692307692307 0.6742788461538461 0.037259615384615384 0.09254807692307693
1 0.8954326923076923 0.4423076923076923 0.056490384615384616 0.08653846153846154
1 0.9230769230769231 0.07692307692307693 0.04927884615384615 0.055288461538461536
1 0.8846153846153846 0.020432692307692308 0.040865384615384616 0.040865384615384616
1 0.4254807692307692 0.5348557692307693 0.04807692307692308 0.06610576923076923
1 0.4519230769230769 0.5564903846153846 0.03125 0.04807692307692308
1 0.5192307692307693 0.49158653846153844 0.05048076923076923 0.06610576923076923
1 0.6322115384615384 0.40024038461538464 0.057692307692307696 0.07451923076923077
1 0.671875 0.4879807692307692 0.04447115384615385 0.06610576923076923
1 0.6574519230769231 0.24759615384615385 0.056490384615384616 0.06850961538461539
1 0.5120192307692307 0.20072115384615385 0.051682692307692304 0.07451923076923077
1 0.5420673076923077 0.11778846153846154 0.04447115384615385 0.06370192307692307
1 0.5036057692307693 0.09375 0.04326923076923077 0.04807692307692308
1 0.421875 0.1875 0.03245192307692308 0.038461538461538464
1 0.40865384615384615 0.4423076923076923 0.037259615384615384 0.05048076923076923
1 0.36177884615384615 0.17307692307692307 0.039663461538461536 0.06370192307692307
1 0.4387019230769231 0.03125 0.038461538461538464 0.04807692307692308
1 0.45072115384615385 0.08533653846153846 0.04326923076923077 0.04567307692307692
1 0.6117788461538461 0.0733173076923077 0.04807692307692308 0.0625
1 0.31850961538461536 0.96875 0.040865384615384616 0.056490384615384616