1 0.013221153846153846 0.24278846153846154 0.026442307692307692 0.07451923076923077
1 0.13221153846153846 0.5973557692307693 0.06370192307692307 0.0985576923076923
1 0.2608173076923077 0.453125 0.052884615384615384 0.09014423076923077
1 0.37740384615384615 0.21033653846153846 0.039663461538461536 0.046875
1 0.4831730769230769 0.12259615384615384 0.03245192307692308 0.05048076923076923
1 0.41225961538461536 0.4735576923076923 0.0625 0.1141826923076923
1 0.22115384615384615 0.7932692307692307 0.07091346153846154 0.12139423076923077
1 0.15144230769230768 0.8365384615384616 0.04326923076923077 0.0829326923076923
1 0.4651442307692308 0.9411057692307693 0.051682692307692304 0.09014423076923077
1 0.546875 0.8425480769230769 0.06370192307692307 0.125
1 0.5805288461538461 0.921875 0.055288461538461536 0.10096153846153846
1 0.8149038461538461 0.375 0.06129807692307692 0.10096153846153846
1 0.8028846153846154 0.15625 0.07211538461538461 0.11899038461538461
1 0.875 0.04567307692307692 0.05889423076923077 0.0829326923076923