1 0.09014423076923077 0.6274038461538461 0.06610576923076923 0.1310096153846154
1 0.47475961538461536 0.6153846153846154 0.07211538461538461 0.12379807692307693
1 0.34134615384615385 0.39903846153846156 0.08653846153846154 0.1502403846153846
1 0.3449519230769231 0.6995192307692307 0.06971153846153846 0.11177884615384616
1 0.21995192307692307 0.06610576923076923 0.05048076923076923 0.078125
1 0.5564903846153846 0.8725961538461539 0.0625 0.11298076923076923
1 0.49038461538461536 0.3269230769230769 0.055288461538461536 0.09495192307692307
1 0.2091346153846154 0.47596153846153844 0.051682692307692304 0.10336538461538461
1 0.2956730769230769 0.14423076923076922 0.06610576923076923 0.10336538461538461
1 0.296875 0.4639423076923077 0.04326923076923077 0.07091346153846154
1 0.1935096153846154 0.22716346153846154 0.06490384615384616 0.0985576923076923
1 0.018028846153846152 0.23197115384615385 0.03485576923076923 0.0985576923076923
1 0.3449519230769231 0.11538461538461539 0.055288461538461536 0.11298076923076923
1 0.4170673076923077 0.38341346153846156 0.05048076923076923 0.09735576923076923
1 0.4338942307692308 0.3233173076923077 0.03485576923076923 0.046875