1 0.7079326923076923 0.625 0.08413461538461539 0.14302884615384615
1 0.4375 0.6959134615384616 0.07572115384615384 0.13942307692307693
1 0.43509615384615385 0.3629807692307692 0.07572115384615384 0.15264423076923078
1 0.2536057692307692 0.21394230769230768 0.06490384615384616 0.12620192307692307
1 0.6634615384615384 0.2800480769230769 0.08173076923076923 0.15144230769230768
1 0.6814903846153846 0.84375 0.0625 0.10817307692307693
1 0.35336538461538464 0.3762019230769231 0.07932692307692307 0.1466346153846154
1 0.15865384615384615 0.7632211538461539 0.0625 0.11057692307692307
1 0.8269230769230769 0.7055288461538461 0.055288461538461536 0.1045673076923077
1 0.7776442307692307 0.5204326923076923 0.051682692307692304 0.10697115384615384
1 0.15985576923076922 0.5024038461538461 0.06009615384615385 0.10576923076923077
1 0.07932692307692307 0.3269230769230769 0.052884615384615384 0.125
1 0.8774038461538461 0.6117788461538461 0.05048076923076923 0.09735576923076923
1 0.8978365384615384 0.28966346153846156 0.04447115384615385 0.07091346153846154
1 0.96875 0.051682692307692304 0.05889423076923077 0.10336538461538461