1 0.5384615384615384 0.3389423076923077 0.07932692307692307 0.14302884615384615
1 0.6298076923076923 0.19951923076923078 0.0829326923076923 0.15264423076923078
1 0.140625 0.3112980769230769 0.056490384615384616 0.0985576923076923
1 0.026442307692307692 0.44350961538461536 0.052884615384615384 0.10576923076923077
1 0.20552884615384615 0.6850961538461539 0.04326923076923077 0.08533653846153846
1 0.32091346153846156 0.5697115384615384 0.054086538461538464 0.09615384615384616
1 0.4831730769230769 0.6826923076923077 0.08413461538461539 0.15264423076923078
1 0.15625 0.8653846153846154 0.06370192307692307 0.12980769230769232
1 0.28846153846153844 0.9338942307692307 0.04927884615384615 0.07692307692307693
1 0.40024038461538464 0.9338942307692307 0.04567307692307692 0.08173076923076923
1 0.40384615384615385 0.20673076923076922 0.040865384615384616 0.08173076923076923