1 0.06971153846153846 0.28966346153846156 0.06610576923076923 0.10096153846153846
1 0.08052884615384616 0.5625 0.06370192307692307 0.11057692307692307
1 0.47596153846153844 0.515625 0.055288461538461536 0.1045673076923077
1 0.35096153846153844 0.19591346153846154 0.051682692307692304 0.08653846153846154
1 0.3918269230769231 0.07211538461538461 0.0673076923076923 0.1141826923076923
1 0.3425480769230769 0.7644230769230769 0.04447115384615385 0.09495192307692307
1 0.19951923076923078 0.38341346153846156 0.04326923076923077 0.0829326923076923
1 0.546875 0.32572115384615385 0.037259615384615384 0.07211538461538461
1 0.6947115384615384 0.15985576923076922 0.04567307692307692 0.078125
1 0.4579326923076923 0.03485576923076923 0.06610576923076923 0.06971153846153846
1 0.9387019230769231 0.11538461538461539 0.06009615384615385 0.11057692307692307
1 0.9783653846153846 0.14903846153846154 0.042067307692307696 0.12259615384615384
1 0.8197115384615384 0.5264423076923077 0.06009615384615385 0.11538461538461539