1 0.31490384615384615 0.3485576923076923 0.06850961538461539 0.11538461538461539
1 0.4098557692307692 0.21754807692307693 0.06009615384615385 0.1045673076923077
1 0.5372596153846154 0.19230769230769232 0.06009615384615385 0.10216346153846154
1 0.5865384615384616 0.22956730769230768 0.04326923076923077 0.06850961538461539
1 0.6802884615384616 0.14423076923076922 0.0829326923076923 0.11298076923076923
1 0.6574519230769231 0.0625 0.052884615384615384 0.07692307692307693
1 0.8233173076923077 0.16466346153846154 0.08533653846153846 0.13942307692307693
1 0.8088942307692307 0.3425480769230769 0.08173076923076923 0.11057692307692307
1 0.8882211538461539 0.3389423076923077 0.07572115384615384 0.13221153846153846
1 0.6430288461538461 0.703125 0.0625 0.09975961538461539
1 0.5432692307692307 0.6995192307692307 0.09375 0.15745192307692307
1 0.46033653846153844 0.7956730769230769 0.08533653846153846 0.14543269230769232
1 0.32211538461538464 0.8052884615384616 0.057692307692307696 0.11057692307692307
1 0.036057692307692304 0.4387019230769231 0.051682692307692304 0.10096153846153846
1 0.6201923076923077 0.8677884615384616 0.04326923076923077 0.10216346153846154
1 0.1971153846153846 0.30528846153846156 0.046875 0.0733173076923077
1 0.18028846153846154 0.037259615384615384 0.042067307692307696 0.07451923076923077
1 0.18990384615384615 0.0733173076923077 0.038461538461538464 0.046875
1 0.20192307692307693 0.019230769230769232 0.04447115384615385 0.037259615384615384
1 0.3425480769230769 0.6105769230769231 0.042067307692307696 0.0625
1 0.20192307692307693 0.9699519230769231 0.055288461538461536 0.056490384615384616