1 0.25240384615384615 0.3786057692307692 0.0673076923076923 0.09735576923076923
1 0.4026442307692308 0.5649038461538461 0.08533653846153846 0.14903846153846154
1 0.3485576923076923 0.8076923076923077 0.07932692307692307 0.14543269230769232
1 0.24158653846153846 0.8052884615384616 0.04567307692307692 0.0733173076923077
1 0.09375 0.7932692307692307 0.054086538461538464 0.08052884615384616
1 0.03365384615384615 0.921875 0.057692307692307696 0.09134615384615384
1 0.2644230769230769 0.9338942307692307 0.040865384615384616 0.07211538461538461
1 0.30408653846153844 0.96875 0.052884615384615384 0.06129807692307692
1 0.5348557692307693 0.3245192307692308 0.06971153846153846 0.11538461538461539
1 0.7223557692307693 0.3076923076923077 0.0673076923076923 0.13822115384615385
1 0.7716346153846154 0.31009615384615385 0.052884615384615384 0.15144230769230768