1 0.06370192307692307 0.5336538461538461 0.0733173076923077 0.11538461538461539
1 0.3786057692307692 0.046875 0.04927884615384615 0.08533653846153846
1 0.5264423076923077 0.14182692307692307 0.06370192307692307 0.08653846153846154
1 0.5588942307692307 0.20192307692307693 0.057692307692307696 0.0829326923076923
1 0.46875 0.48677884615384615 0.06129807692307692 0.1141826923076923
1 0.43028846153846156 0.5889423076923077 0.06009615384615385 0.078125
1 0.4567307692307692 0.7043269230769231 0.04326923076923077 0.06370192307692307
1 0.5372596153846154 0.5973557692307693 0.04447115384615385 0.08052884615384616
1 0.5721153846153846 0.49759615384615385 0.03125 0.06971153846153846
1 0.6189903846153846 0.49158653846153844 0.040865384615384616 0.07451923076923077
1 0.625 0.7475961538461539 0.04326923076923077 0.07451923076923077
1 0.6454326923076923 0.8629807692307693 0.04807692307692308 0.09375
1 0.7067307692307693 0.8100961538461539 0.038461538461538464 0.07932692307692307
1 0.7680288461538461 0.6574519230769231 0.040865384615384616 0.06971153846153846
1 0.8810096153846154 0.6574519230769231 0.030048076923076924 0.06370192307692307
1 0.9170673076923077 0.7884615384615384 0.06370192307692307 0.11177884615384616
1 0.6875 0.5276442307692307 0.042067307692307696 0.05889423076923077
1 0.7271634615384616 0.4375 0.04447115384615385 0.0673076923076923
1 0.8810096153846154 0.5444711538461539 0.04326923076923077 0.0673076923076923
1 0.9026442307692307 0.4795673076923077 0.057692307692307696 0.09735576923076923
1 0.9350961538461539 0.41947115384615385 0.04447115384615385 0.08774038461538461
1 0.6790865384615384 0.32572115384615385 0.038461538461538464 0.06490384615384616
1 0.7331730769230769 0.27524038461538464 0.054086538461538464 0.09254807692307693
1 0.78125 0.2439903846153846 0.06490384615384616 0.11057692307692307
1 0.8028846153846154 0.31971153846153844 0.042067307692307696 0.05889423076923077
1 0.7668269230769231 0.33533653846153844 0.026442307692307692 0.051682692307692304
1 0.953125 0.140625 0.037259615384615384 0.07211538461538461
1 0.7367788461538461 0.046875 0.03485576923076923 0.054086538461538464
1 0.9711538461538461 0.09134615384615384 0.04927884615384615 0.08413461538461539
1 0.9338942307692307 0.03485576923076923 0.054086538461538464 0.06971153846153846