1 0.3112980769230769 0.7295673076923077 0.07211538461538461 0.10817307692307693
1 0.17548076923076922 0.8125 0.06490384615384616 0.10817307692307693
1 0.6382211538461539 0.5300480769230769 0.056490384615384616 0.0985576923076923
1 0.796875 0.7764423076923077 0.06129807692307692 0.11177884615384616
1 0.109375 0.6826923076923077 0.05889423076923077 0.09735576923076923
1 0.43149038461538464 0.4230769230769231 0.04326923076923077 0.07451923076923077
1 0.5997596153846154 0.5036057692307693 0.057692307692307696 0.10336538461538461
1 0.8677884615384616 0.6418269230769231 0.037259615384615384 0.08173076923076923
1 0.47596153846153844 0.6694711538461539 0.04326923076923077 0.06610576923076923
1 0.3737980769230769 0.6081730769230769 0.03485576923076923 0.07451923076923077
1 0.09134615384615384 0.9639423076923077 0.06490384615384616 0.0673076923076923