1 0.3557692307692308 0.42788461538461536 0.0625 0.11057692307692307
1 0.5769230769230769 0.4807692307692308 0.054086538461538464 0.08774038461538461
1 0.5889423076923077 0.5504807692307693 0.051682692307692304 0.09254807692307693
1 0.5072115384615384 0.6442307692307693 0.05889423076923077 0.11899038461538461
1 0.5384615384615384 0.7151442307692307 0.051682692307692304 0.0985576923076923
1 0.3629807692307692 0.75 0.06490384615384616 0.11658653846153846
1 0.29927884615384615 0.5336538461538461 0.05889423076923077 0.109375
1 0.09615384615384616 0.6105769230769231 0.06490384615384616 0.11778846153846154
1 0.042067307692307696 0.7680288461538461 0.07211538461538461 0.12980769230769232
1 0.19591346153846154 0.7115384615384616 0.057692307692307696 0.10336538461538461
1 0.25 0.7776442307692307 0.06610576923076923 0.12740384615384615
1 0.29086538461538464 0.7632211538461539 0.07572115384615384 0.13822115384615385
1 0.23197115384615385 0.953125 0.052884615384615384 0.09134615384615384
1 0.3786057692307692 0.9447115384615384 0.05889423076923077 0.10817307692307693
1 0.4170673076923077 0.9411057692307693 0.06009615384615385 0.11177884615384616
1 0.8197115384615384 0.8341346153846154 0.04326923076923077 0.07572115384615384
1 0.6514423076923077 0.7788461538461539 0.036057692307692304 0.06009615384615385
1 0.6538461538461539 0.9182692307692307 0.030048076923076924 0.06129807692307692
1 0.19230769230769232 0.2668269230769231 0.042067307692307696 0.08173076923076923
1 0.03245192307692308 0.2800480769230769 0.055288461538461536 0.0733173076923077