1 0.5649038461538461 0.43509615384615385 0.06971153846153846 0.12740384615384615
1 0.4519230769230769 0.9314903846153846 0.08774038461538461 0.1346153846153846
1 0.28725961538461536 0.4579326923076923 0.07091346153846154 0.1310096153846154
1 0.046875 0.7632211538461539 0.06129807692307692 0.11057692307692307
1 0.7728365384615384 0.8689903846153846 0.056490384615384616 0.09975961538461539
1 0.1935096153846154 0.24158653846153846 0.055288461538461536 0.0985576923076923
1 0.6971153846153846 0.9411057692307693 0.08052884615384616 0.10576923076923077
1 0.3942307692307692 0.05889423076923077 0.07091346153846154 0.11057692307692307
1 0.5372596153846154 0.2824519230769231 0.04927884615384615 0.09495192307692307
1 0.7608173076923077 0.5420673076923077 0.04807692307692308 0.08173076923076923
1 0.04326923076923077 0.3954326923076923 0.06129807692307692 0.10697115384615384
1 0.5276442307692307 0.15625 0.04807692307692308 0.09134615384615384
1 0.6694711538461539 0.8389423076923077 0.04567307692307692 0.0829326923076923
1 0.23918269230769232 0.8413461538461539 0.052884615384615384 0.09014423076923077
1 0.6394230769230769 0.5661057692307693 0.04567307692307692 0.08413461538461539
1 0.10216346153846154 0.33653846153846156 0.057692307692307696 0.10336538461538461
1 0.5480769230769231 0.8966346153846154 0.04807692307692308 0.07572115384615384
1 0.5552884615384616 0.9615384615384616 0.05889423076923077 0.06490384615384616
1 0.6442307692307693 0.328125 0.05889423076923077 0.10336538461538461