1 0.4543269230769231 0.5408653846153846 0.0829326923076923 0.1466346153846154
1 0.2439903846153846 0.3245192307692308 0.07572115384615384 0.140625
1 0.1502403846153846 0.4375 0.08413461538461539 0.13942307692307693
1 0.6766826923076923 0.49399038461538464 0.06009615384615385 0.12379807692307693
1 0.6490384615384616 0.5841346153846154 0.07091346153846154 0.12139423076923077
1 0.8461538461538461 0.9242788461538461 0.0625 0.12980769230769232
1 0.33653846153846156 0.7800480769230769 0.07451923076923077 0.13341346153846154
1 0.4326923076923077 0.7151442307692307 0.055288461538461536 0.1045673076923077
1 0.7572115384615384 0.41346153846153844 0.0625 0.11177884615384616
1 0.8365384615384616 0.5384615384615384 0.057692307692307696 0.11177884615384616
1 0.3713942307692308 0.5685096153846154 0.046875 0.09495192307692307
1 0.41346153846153844 0.2091346153846154 0.056490384615384616 0.09134615384615384
1 0.22115384615384615 0.13701923076923078 0.06610576923076923 0.0985576923076923
1 0.4795673076923077 0.039663461538461536 0.04927884615384615 0.07932692307692307
1 0.78125 0.07091346153846154 0.038461538461538464 0.08533653846153846