1 0.171875 0.3918269230769231 0.06850961538461539 0.11778846153846154
1 0.07692307692307693 0.40384615384615385 0.06009615384615385 0.10697115384615384
1 0.18870192307692307 0.23197115384615385 0.06490384615384616 0.09254807692307693
1 0.19951923076923078 0.15865384615384615 0.07091346153846154 0.09975961538461539
1 0.15264423076923078 0.04807692307692308 0.055288461538461536 0.07932692307692307
1 0.2704326923076923 0.2091346153846154 0.04807692307692308 0.07091346153846154
1 0.3762019230769231 0.07211538461538461 0.036057692307692304 0.05889423076923077
1 0.41346153846153844 0.09735576923076923 0.04447115384615385 0.078125
1 0.4206730769230769 0.2920673076923077 0.05048076923076923 0.08653846153846154
1 0.38341346153846156 0.7848557692307693 0.057692307692307696 0.11778846153846154
1 0.13942307692307693 0.8677884615384616 0.046875 0.09134615384615384
1 0.1971153846153846 0.6237980769230769 0.06370192307692307 0.12740384615384615
1 0.12860576923076922 0.5384615384615384 0.06370192307692307 0.10336538461538461
1 0.42908653846153844 0.5408653846153846 0.042067307692307696 0.07572115384615384
1 0.5540865384615384 0.24759615384615385 0.03485576923076923 0.06370192307692307
1 0.6213942307692307 0.8209134615384616 0.038461538461538464 0.07932692307692307
1 0.6574519230769231 0.8942307692307693 0.04567307692307692 0.08533653846153846
1 0.8317307692307693 0.9074519230769231 0.0733173076923077 0.13822115384615385
1 0.7668269230769231 0.9699519230769231 0.040865384615384616 0.05889423076923077
1 0.6995192307692307 0.9735576923076923 0.04447115384615385 0.051682692307692304
1 0.5132211538461539 0.6790865384615384 0.03365384615384615 0.051682692307692304