1 0.7439903846153846 0.2403846153846154 0.06971153846153846 0.1141826923076923
1 0.20552884615384615 0.953125 0.054086538461538464 0.0889423076923077
1 0.9447115384615384 0.9459134615384616 0.07091346153846154 0.08653846153846154
1 0.03365384615384615 0.7199519230769231 0.055288461538461536 0.09014423076923077
1 0.9290865384615384 0.2536057692307692 0.057692307692307696 0.10336538461538461
1 0.0829326923076923 0.7860576923076923 0.046875 0.06610576923076923
1 0.5252403846153846 0.2860576923076923 0.057692307692307696 0.07572115384615384
1 0.5625 0.8653846153846154 0.07572115384615384 0.09495192307692307
1 0.3317307692307692 0.42427884615384615 0.06610576923076923 0.0733173076923077
1 0.9783653846153846 0.33052884615384615 0.042067307692307696 0.10336538461538461
1 0.640625 0.036057692307692304 0.055288461538461536 0.06490384615384616