1 0.2932692307692308 0.53125 0.0625 0.11298076923076923
1 0.421875 0.25841346153846156 0.0625 0.1045673076923077
1 0.25600961538461536 0.20072115384615385 0.0625 0.09495192307692307
1 0.0673076923076923 0.4483173076923077 0.054086538461538464 0.09254807692307693
1 0.7307692307692307 0.5685096153846154 0.04927884615384615 0.08413461538461539
1 0.9002403846153846 0.43509615384615385 0.04807692307692308 0.078125
1 0.34975961538461536 0.5264423076923077 0.06610576923076923 0.11177884615384616
1 0.203125 0.5384615384615384 0.05048076923076923 0.08413461538461539
1 0.7692307692307693 0.2283653846153846 0.04447115384615385 0.08653846153846154
1 0.796875 0.1814903846153846 0.038461538461538464 0.06009615384615385
1 0.18870192307692307 0.18028846153846154 0.037259615384615384 0.07091346153846154
1 0.32572115384615385 0.625 0.04567307692307692 0.07091346153846154
1 0.7704326923076923 0.5 0.03485576923076923 0.06610576923076923
1 0.2283653846153846 0.06370192307692307 0.039663461538461536 0.06490384615384616
1 0.4338942307692308 0.5420673076923077 0.03245192307692308 0.06009615384615385
1 0.8149038461538461 0.49759615384615385 0.046875 0.08774038461538461
1 0.8257211538461539 0.43990384615384615 0.040865384615384616 0.07451923076923077
1 0.8221153846153846 0.6274038461538461 0.026442307692307692 0.051682692307692304
1 0.20793269230769232 0.12259615384615384 0.03365384615384615 0.06129807692307692
1 0.2644230769230769 0.040865384615384616 0.04927884615384615 0.08173076923076923
1 0.35697115384615385 0.05048076923076923 0.0625 0.10096153846153846
1 0.4254807692307692 0.046875 0.042067307692307696 0.06850961538461539