1 0.1778846153846154 0.8665865384615384 0.051682692307692304 0.1045673076923077
1 0.2824519230769231 0.828125 0.06610576923076923 0.11298076923076923
1 0.3112980769230769 0.5709134615384616 0.06971153846153846 0.11778846153846154
1 0.3004807692307692 0.4579326923076923 0.04447115384615385 0.06009615384615385
1 0.25841346153846156 0.31490384615384615 0.04447115384615385 0.057692307692307696
1 0.3786057692307692 0.2932692307692308 0.030048076923076924 0.056490384615384616
1 0.36778846153846156 0.04447115384615385 0.06009615384615385 0.08774038461538461
1 0.41586538461538464 0.028846153846153848 0.04807692307692308 0.057692307692307696
1 0.6670673076923077 0.3173076923076923 0.04807692307692308 0.07211538461538461
1 0.734375 0.40384615384615385 0.03485576923076923 0.06370192307692307
1 0.6959134615384616 0.7007211538461539 0.042067307692307696 0.05889423076923077
1 0.9795673076923077 0.6610576923076923 0.039663461538461536 0.09615384615384616