1 0.38822115384615385 0.3161057692307692 0.06129807692307692 0.11538461538461539
1 0.46274038461538464 0.06490384615384616 0.04326923076923077 0.07572115384615384
1 0.4639423076923077 0.8834134615384616 0.05889423076923077 0.12139423076923077
1 0.4567307692307692 0.7680288461538461 0.052884615384615384 0.09975961538461539
1 0.5949519230769231 0.24158653846153846 0.05048076923076923 0.0985576923076923
1 0.7764423076923077 0.23197115384615385 0.046875 0.07572115384615384
1 0.6875 0.3425480769230769 0.04807692307692308 0.0889423076923077
1 0.03485576923076923 0.3954326923076923 0.06850961538461539 0.11658653846153846
1 0.07692307692307693 0.3485576923076923 0.06610576923076923 0.0985576923076923
1 0.5805288461538461 0.0733173076923077 0.054086538461538464 0.09495192307692307
1 0.5961538461538461 0.026442307692307692 0.051682692307692304 0.051682692307692304
1 0.31490384615384615 0.02403846153846154 0.04567307692307692 0.046875
1 0.6826923076923077 0.15264423076923078 0.04447115384615385 0.08413461538461539
1 0.11057692307692307 0.41346153846153844 0.046875 0.0889423076923077