1 0.1971153846153846 0.3701923076923077 0.057692307692307696 0.11538461538461539
1 0.18870192307692307 0.5600961538461539 0.055288461538461536 0.1045673076923077
1 0.21875 0.5877403846153846 0.06129807692307692 0.1201923076923077
1 0.22596153846153846 0.6646634615384616 0.06009615384615385 0.0889423076923077
1 0.31971153846153844 0.8533653846153846 0.04567307692307692 0.09014423076923077
1 0.5120192307692307 0.9014423076923077 0.0673076923076923 0.12980769230769232
1 0.5709134615384616 0.9411057692307693 0.07211538461538461 0.11658653846153846
1 0.6490384615384616 0.9579326923076923 0.0673076923076923 0.07932692307692307
1 0.5697115384615384 0.4651442307692308 0.06490384615384616 0.10817307692307693
1 0.4519230769230769 0.37740384615384615 0.05889423076923077 0.10336538461538461
1 0.4951923076923077 0.2091346153846154 0.038461538461538464 0.08052884615384616
1 0.42427884615384615 0.12259615384615384 0.036057692307692304 0.1045673076923077
1 0.4699519230769231 0.056490384615384616 0.036057692307692304 0.07451923076923077
1 0.7415865384615384 0.24278846153846154 0.054086538461538464 0.10216346153846154
1 0.8545673076923077 0.0625 0.046875 0.0829326923076923
1 0.7788461538461539 0.5324519230769231 0.056490384615384616 0.109375
1 0.6971153846153846 0.6033653846153846 0.04567307692307692 0.07572115384615384
1 0.6670673076923077 0.8257211538461539 0.03485576923076923 0.07091346153846154
1 0.1971153846153846 0.10697115384615384 0.05048076923076923 0.07451923076923077
1 0.19831730769230768 0.4855769230769231 0.046875 0.0829326923076923