1 0.11298076923076923 0.8641826923076923 0.10096153846153846 0.1875
1 0.5673076923076923 0.8473557692307693 0.07451923076923077 0.15144230769230768
1 0.3161057692307692 0.33533653846153844 0.08173076923076923 0.1466346153846154
1 0.5985576923076923 0.25841346153846156 0.08052884615384616 0.1346153846153846
1 0.9242788461538461 0.33653846153846156 0.0829326923076923 0.13701923076923078
1 0.7007211538461539 0.15144230769230768 0.06971153846153846 0.1346153846153846
1 0.16706730769230768 0.4110576923076923 0.06971153846153846 0.12139423076923077
1 0.8052884615384616 0.5685096153846154 0.06610576923076923 0.12259615384615384
1 0.3786057692307692 0.9399038461538461 0.0733173076923077 0.1045673076923077
1 0.8930288461538461 0.5084134615384616 0.04807692307692308 0.10096153846153846
1 0.06971153846153846 0.75 0.052884615384615384 0.08533653846153846
1 0.8341346153846154 0.359375 0.04567307692307692 0.08052884615384616
1 0.6995192307692307 0.5997596153846154 0.04326923076923077 0.07572115384615384
1 0.018028846153846152 0.9483173076923077 0.036057692307692304 0.09014423076923077