1 0.5036057692307693 0.515625 0.04326923076923077 0.0829326923076923
1 0.6105769230769231 0.78125 0.04447115384615385 0.0829326923076923
1 0.31490384615384615 0.5528846153846154 0.052884615384615384 0.10096153846153846
1 0.265625 0.625 0.0625 0.125
1 0.47596153846153844 0.8449519230769231 0.05048076923076923 0.09495192307692307
1 0.39783653846153844 0.6574519230769231 0.06370192307692307 0.09014423076923077
1 0.20793269230769232 0.9002403846153846 0.06370192307692307 0.10697115384615384
1 0.5108173076923077 0.7560096153846154 0.03485576923076923 0.0673076923076923
1 0.6141826923076923 0.8954326923076923 0.038461538461538464 0.07451923076923077
1 0.20072115384615385 0.828125 0.04927884615384615 0.06490384615384616
1 0.375 0.5685096153846154 0.030048076923076924 0.056490384615384616
1 0.296875 0.7175480769230769 0.036057692307692304 0.057692307692307696