1 0.27403846153846156 0.90625 0.07091346153846154 0.13822115384615385
1 0.4387019230769231 0.4831730769230769 0.0733173076923077 0.13942307692307693
1 0.1346153846153846 0.6875 0.07211538461538461 0.13341346153846154
1 0.16105769230769232 0.2692307692307692 0.055288461538461536 0.0985576923076923
1 0.4230769230769231 0.08413461538461539 0.06610576923076923 0.11057692307692307
1 0.7331730769230769 0.4411057692307692 0.056490384615384616 0.09014423076923077
1 0.6129807692307693 0.5805288461538461 0.052884615384615384 0.09014423076923077
1 0.140625 0.5504807692307693 0.0625 0.1141826923076923
1 0.6838942307692307 0.06490384615384616 0.07451923076923077 0.12740384615384615
1 0.53125 0.5144230769230769 0.055288461538461536 0.10096153846153846
1 0.6274038461538461 0.4855769230769231 0.0733173076923077 0.12860576923076922
1 0.6790865384615384 0.8713942307692307 0.054086538461538464 0.07451923076923077
1 0.34975961538461536 0.03125 0.055288461538461536 0.0625
1 0.20072115384615385 0.06850961538461539 0.0625 0.10336538461538461
1 0.21394230769230768 0.14182692307692307 0.06971153846153846 0.11538461538461539
1 0.02403846153846154 0.4807692307692308 0.046875 0.10336538461538461
1 0.07572115384615384 0.5060096153846154 0.057692307692307696 0.0889423076923077
1 0.07451923076923077 0.5552884615384616 0.06971153846153846 0.12860576923076922