1 0.43990384615384615 0.2536057692307692 0.06129807692307692 0.11057692307692307
1 0.2091346153846154 0.43509615384615385 0.06490384615384616 0.10817307692307693
1 0.15504807692307693 0.6694711538461539 0.078125 0.12379807692307693
1 0.037259615384615384 0.7896634615384616 0.057692307692307696 0.10697115384615384
1 0.21995192307692307 0.796875 0.06129807692307692 0.11057692307692307
1 0.1622596153846154 0.9495192307692307 0.0673076923076923 0.09975961538461539
1 0.3798076923076923 0.8293269230769231 0.07211538461538461 0.12259615384615384
1 0.5901442307692307 0.6466346153846154 0.057692307692307696 0.10096153846153846
1 0.5516826923076923 0.7283653846153846 0.055288461538461536 0.0985576923076923
1 0.6490384615384616 0.8088942307692307 0.0625 0.13221153846153846
1 0.7295673076923077 0.6274038461538461 0.038461538461538464 0.08173076923076923
1 0.7848557692307693 0.5492788461538461 0.038461538461538464 0.07451923076923077
1 0.6394230769230769 0.9651442307692307 0.055288461538461536 0.06850961538461539