1 0.03245192307692308 0.17908653846153846 0.054086538461538464 0.09495192307692307
1 0.44350961538461536 0.06370192307692307 0.06009615384615385 0.08173076923076923
1 0.3473557692307692 0.26802884615384615 0.057692307692307696 0.07211538461538461
1 0.4735576923076923 0.2848557692307692 0.037259615384615384 0.054086538461538464
1 0.25600961538461536 0.4483173076923077 0.03485576923076923 0.06129807692307692
1 0.23197115384615385 0.5180288461538461 0.04567307692307692 0.08052884615384616
1 0.16826923076923078 0.515625 0.06009615384615385 0.0985576923076923
1 0.09375 0.8473557692307693 0.051682692307692304 0.0985576923076923
1 0.15144230769230768 0.9447115384615384 0.06850961538461539 0.109375
1 0.2512019230769231 0.7139423076923077 0.042067307692307696 0.06490384615384616
1 0.38100961538461536 0.9423076923076923 0.078125 0.1141826923076923
1 0.5228365384615384 0.7391826923076923 0.057692307692307696 0.109375
1 0.5432692307692307 0.8353365384615384 0.06490384615384616 0.09975961538461539
1 0.6838942307692307 0.6947115384615384 0.04447115384615385 0.09975961538461539
1 0.5396634615384616 0.5480769230769231 0.05048076923076923 0.1045673076923077
1 0.8016826923076923 0.9555288461538461 0.06610576923076923 0.08774038461538461
1 0.9567307692307693 0.8569711538461539 0.04326923076923077 0.09375
1 0.7560096153846154 0.19110576923076922 0.056490384615384616 0.09134615384615384