1 0.09495192307692307 0.056490384615384616 0.04927884615384615 0.0673076923076923
1 0.4567307692307692 0.0985576923076923 0.04447115384615385 0.05889423076923077
1 0.7247596153846154 0.20192307692307693 0.055288461538461536 0.08173076923076923
1 0.8894230769230769 0.09495192307692307 0.039663461538461536 0.07211538461538461
1 0.4098557692307692 0.3954326923076923 0.04326923076923077 0.07211538461538461
1 0.5516826923076923 0.49158653846153844 0.04567307692307692 0.08173076923076923
1 0.5372596153846154 0.5721153846153846 0.06850961538461539 0.109375
1 0.2668269230769231 0.49759615384615385 0.04807692307692308 0.0733173076923077
1 0.12740384615384615 0.6802884615384616 0.06370192307692307 0.09375
1 0.24879807692307693 0.7379807692307693 0.046875 0.07451923076923077
1 0.13221153846153846 0.8401442307692307 0.056490384615384616 0.08173076923076923