1 0.44471153846153844 0.40024038461538464 0.037259615384615384 0.056490384615384616
1 0.6298076923076923 0.34615384615384615 0.036057692307692304 0.06971153846153846
1 0.6826923076923077 0.22115384615384615 0.042067307692307696 0.06490384615384616
1 0.5228365384615384 0.08533653846153846 0.039663461538461536 0.06490384615384616
1 0.4423076923076923 0.025240384615384616 0.04447115384615385 0.038461538461538464
1 0.41346153846153844 0.019230769230769232 0.04326923076923077 0.038461538461538464
1 0.3329326923076923 0.07932692307692307 0.03365384615384615 0.056490384615384616
1 0.36899038461538464 0.24759615384615385 0.03365384615384615 0.054086538461538464
1 0.8557692307692307 0.054086538461538464 0.04447115384615385 0.06370192307692307
1 0.9567307692307693 0.026442307692307692 0.042067307692307696 0.04927884615384615
1 0.9603365384615384 0.46634615384615385 0.04927884615384615 0.09014423076923077