1 0.12740384615384615 0.08533653846153846 0.05048076923076923 0.07692307692307693
1 0.18870192307692307 0.04447115384615385 0.042067307692307696 0.052884615384615384
1 0.22235576923076922 0.15504807692307693 0.056490384615384616 0.078125
1 0.1502403846153846 0.45072115384615385 0.04807692307692308 0.08052884615384616
1 0.1658653846153846 0.6682692307692307 0.040865384615384616 0.06971153846153846
1 0.18269230769230768 0.8978365384615384 0.05048076923076923 0.07572115384615384
1 0.3016826923076923 0.5889423076923077 0.05048076923076923 0.09495192307692307
1 0.36177884615384615 0.546875 0.04567307692307692 0.07572115384615384
1 0.42908653846153844 0.6706730769230769 0.06009615384615385 0.11538461538461539
1 0.49158653846153844 0.7127403846153846 0.06370192307692307 0.11778846153846154
1 0.5324519230769231 0.8665865384615384 0.04447115384615385 0.08052884615384616
1 0.6923076923076923 0.49399038461538464 0.054086538461538464 0.09134615384615384
1 0.6213942307692307 0.375 0.04927884615384615 0.08413461538461539
1 0.5288461538461539 0.33052884615384615 0.04927884615384615 0.07932692307692307
1 0.7151442307692307 0.5817307692307693 0.038461538461538464 0.05889423076923077
1 0.7716346153846154 0.6766826923076923 0.06370192307692307 0.1201923076923077
1 0.8040865384615384 0.5949519230769231 0.04447115384615385 0.07211538461538461
1 0.8509615384615384 0.6598557692307693 0.06129807692307692 0.12379807692307693
1 0.8197115384615384 0.8665865384615384 0.0625 0.11899038461538461
1 0.7692307692307693 0.9423076923076923 0.054086538461538464 0.11298076923076923
1 0.734375 0.9338942307692307 0.056490384615384616 0.11778846153846154
1 0.5012019230769231 0.8774038461538461 0.04807692307692308 0.07211538461538461
1 0.9074519230769231 0.4170673076923077 0.054086538461538464 0.09495192307692307
1 0.9747596153846154 0.6105769230769231 0.04567307692307692 0.0985576923076923
1 0.8581730769230769 0.3954326923076923 0.038461538461538464 0.0625
1 0.6274038461538461 0.021634615384615384 0.042067307692307696 0.042067307692307696
1 0.3954326923076923 0.028846153846153848 0.04807692307692308 0.057692307692307696
1 0.5168269230769231 0.13221153846153846 0.040865384615384616 0.06610576923076923
1 0.2692307692307692 0.4675480769230769 0.046875 0.08052884615384616
1 0.7644230769230769 0.10697115384615384 0.039663461538461536 0.06971153846153846