1 0.10576923076923077 0.5877403846153846 0.05889423076923077 0.10096153846153846
1 0.9615384615384616 0.4411057692307692 0.06009615384615385 0.1201923076923077
1 0.4519230769230769 0.6394230769230769 0.051682692307692304 0.10697115384615384
1 0.6814903846153846 0.33052884615384615 0.05889423076923077 0.1201923076923077
1 0.8377403846153846 0.3245192307692308 0.06009615384615385 0.09254807692307693
1 0.7391826923076923 0.8100961538461539 0.055288461538461536 0.09495192307692307
1 0.6201923076923077 0.18990384615384615 0.057692307692307696 0.11177884615384616
1 0.08533653846153846 0.06490384615384616 0.06129807692307692 0.10096153846153846
1 0.8161057692307693 0.6430288461538461 0.052884615384615384 0.0985576923076923
1 0.703125 0.21033653846153846 0.057692307692307696 0.10576923076923077
1 0.9723557692307693 0.056490384615384616 0.04326923076923077 0.09014423076923077
1 0.9795673076923077 0.2932692307692308 0.037259615384615384 0.11298076923076923
1 0.34975961538461536 0.21754807692307693 0.04927884615384615 0.08413461538461539
1 0.16346153846153846 0.39783653846153844 0.04567307692307692 0.07692307692307693
1 0.7788461538461539 0.9302884615384616 0.05048076923076923 0.08052884615384616
1 0.9314903846153846 0.27283653846153844 0.057692307692307696 0.11057692307692307
1 0.9026442307692307 0.20072115384615385 0.06009615384615385 0.10336538461538461