1 0.8149038461538461 0.09975961538461539 0.0625 0.10216346153846154
1 0.5144230769230769 0.14903846153846154 0.055288461538461536 0.10817307692307693
1 0.7283653846153846 0.8004807692307693 0.04447115384615385 0.078125
1 0.609375 0.47716346153846156 0.038461538461538464 0.0829326923076923
1 0.6778846153846154 0.8954326923076923 0.051682692307692304 0.09014423076923077
1 0.7776442307692307 0.7992788461538461 0.046875 0.0985576923076923
1 0.7920673076923077 0.8209134615384616 0.051682692307692304 0.10216346153846154
1 0.8100961538461539 0.8677884615384616 0.05048076923076923 0.08653846153846154
1 0.8641826923076923 0.8774038461538461 0.037259615384615384 0.06610576923076923
1 0.7872596153846154 0.9170673076923077 0.04447115384615385 0.08653846153846154
1 0.7463942307692307 0.90625 0.037259615384615384 0.0829326923076923
1 0.7235576923076923 0.9591346153846154 0.04447115384615385 0.078125
1 0.7620192307692307 0.9483173076923077 0.046875 0.0829326923076923