1 0.6911057692307693 0.7740384615384616 0.09375 0.1814903846153846
1 0.8064903846153846 0.5829326923076923 0.07211538461538461 0.13341346153846154
1 0.47836538461538464 0.5444711538461539 0.09014423076923077 0.17067307692307693
1 0.8629807692307693 0.7007211538461539 0.06610576923076923 0.140625
1 0.7620192307692307 0.15865384615384615 0.06370192307692307 0.10216346153846154
1 0.35697115384615385 0.2920673076923077 0.05889423076923077 0.0985576923076923
1 0.2608173076923077 0.8052884615384616 0.06009615384615385 0.10336538461538461
1 0.4411057692307692 0.7199519230769231 0.06129807692307692 0.10336538461538461
1 0.6430288461538461 0.2091346153846154 0.05889423076923077 0.09615384615384616
1 0.171875 0.7956730769230769 0.07692307692307693 0.11177884615384616
1 0.06129807692307692 0.7620192307692307 0.046875 0.0829326923076923
1 0.8918269230769231 0.14302884615384615 0.06129807692307692 0.11658653846153846
1 0.25961538461538464 0.4182692307692308 0.04447115384615385 0.08653846153846154
1 0.056490384615384616 0.44711538461538464 0.040865384615384616 0.07091346153846154
1 0.046875 0.6009615384615384 0.036057692307692304 0.06610576923076923
1 0.08052884615384616 0.7175480769230769 0.040865384615384616 0.08413461538461539
1 0.20072115384615385 0.6622596153846154 0.04567307692307692 0.0733173076923077
1 0.20072115384615385 0.4879807692307692 0.03125 0.0625
1 0.34134615384615385 0.5841346153846154 0.039663461538461536 0.05889423076923077
1 0.36658653846153844 0.6730769230769231 0.036057692307692304 0.06129807692307692
1 0.2764423076923077 0.9411057692307693 0.042067307692307696 0.07451923076923077