1 0.37740384615384615 0.5600961538461539 0.11177884615384616 0.1814903846153846
1 0.3088942307692308 0.6586538461538461 0.0889423076923077 0.15985576923076922
1 0.4987980769230769 0.5600961538461539 0.06490384615384616 0.10817307692307693
1 0.5673076923076923 0.6971153846153846 0.04927884615384615 0.09134615384615384
1 0.7079326923076923 0.09615384615384616 0.09975961538461539 0.14543269230769232
1 0.8197115384615384 0.09014423076923077 0.10576923076923077 0.15745192307692307
1 0.10216346153846154 0.7043269230769231 0.06129807692307692 0.12379807692307693
1 0.14423076923076922 0.9086538461538461 0.07091346153846154 0.13942307692307693
1 0.030048076923076924 0.9014423076923077 0.06009615384615385 0.12259615384615384
1 0.1875 0.4567307692307692 0.04447115384615385 0.07932692307692307
1 0.1141826923076923 0.15264423076923078 0.08173076923076923 0.13942307692307693
1 0.038461538461538464 0.09975961538461539 0.05048076923076923 0.09495192307692307