1 0.4795673076923077 0.8665865384615384 0.07451923076923077 0.12139423076923077
1 0.3245192307692308 0.6754807692307693 0.08052884615384616 0.15144230769230768
1 0.515625 0.4170673076923077 0.06009615384615385 0.10817307692307693
1 0.40625 0.16706730769230768 0.0829326923076923 0.1346153846153846
1 0.3088942307692308 0.890625 0.06009615384615385 0.10817307692307693
1 0.8810096153846154 0.390625 0.054086538461538464 0.09134615384615384
1 0.09495192307692307 0.5012019230769231 0.051682692307692304 0.0829326923076923
1 0.9447115384615384 0.6550480769230769 0.05048076923076923 0.0985576923076923
1 0.2247596153846154 0.49399038461538464 0.06009615384615385 0.0985576923076923
1 0.03365384615384615 0.8064903846153846 0.054086538461538464 0.09735576923076923
1 0.016826923076923076 0.9098557692307693 0.030048076923076924 0.09254807692307693
1 0.014423076923076924 0.31971153846153844 0.028846153846153848 0.09495192307692307