1 0.6694711538461539 0.6454326923076923 0.0733173076923077 0.1346153846153846
1 0.2860576923076923 0.1814903846153846 0.05889423076923077 0.09735576923076923
1 0.5384615384615384 0.9603365384615384 0.07091346153846154 0.07211538461538461
1 0.47596153846153844 0.4567307692307692 0.04567307692307692 0.078125
1 0.42908653846153844 0.2932692307692308 0.046875 0.0829326923076923
1 0.3401442307692308 0.3125 0.03485576923076923 0.06610576923076923
1 0.36899038461538464 0.34615384615384615 0.038461538461538464 0.06610576923076923
1 0.22596153846153846 0.19230769230769232 0.046875 0.07091346153846154
1 0.2920673076923077 0.09615384615384616 0.042067307692307696 0.04807692307692308
1 0.47836538461538464 0.046875 0.055288461538461536 0.08173076923076923
1 0.4963942307692308 0.25600961538461536 0.038461538461538464 0.07451923076923077
1 0.6742788461538461 0.4891826923076923 0.028846153846153848 0.054086538461538464