1 0.6177884615384616 0.6850961538461539 0.09375 0.17427884615384615
1 0.2860576923076923 0.4963942307692308 0.09375 0.17427884615384615
1 0.6935096153846154 0.5805288461538461 0.08533653846153846 0.16706730769230768
1 0.7475961538461539 0.8389423076923077 0.0889423076923077 0.14543269230769232
1 0.1502403846153846 0.6598557692307693 0.06610576923076923 0.13221153846153846
1 0.9375 0.23317307692307693 0.0733173076923077 0.13701923076923078
1 0.46153846153846156 0.14543269230769232 0.09254807692307693 0.14182692307692307
1 0.7427884615384616 0.14182692307692307 0.056490384615384616 0.09735576923076923
1 0.4050480769230769 0.765625 0.04927884615384615 0.0733173076923077
1 0.40865384615384615 0.07211538461538461 0.08052884615384616 0.1310096153846154
1 0.46875 0.9567307692307693 0.0829326923076923 0.0625
1 0.6370192307692307 0.07211538461538461 0.07572115384615384 0.11899038461538461
1 0.3762019230769231 0.9651442307692307 0.08774038461538461 0.06850961538461539
1 0.9723557692307693 0.7608173076923077 0.046875 0.08052884615384616