1 0.4795673076923077 0.5396634615384616 0.07451923076923077 0.1310096153846154
1 0.35216346153846156 0.5564903846153846 0.04567307692307692 0.07692307692307693
1 0.38822115384615385 0.6237980769230769 0.04326923076923077 0.07572115384615384
1 0.42427884615384615 0.71875 0.04326923076923077 0.07572115384615384
1 0.5060096153846154 0.7151442307692307 0.042067307692307696 0.07572115384615384
1 0.49158653846153844 0.8882211538461539 0.039663461538461536 0.06850961538461539
1 0.27163461538461536 0.7584134615384616 0.04927884615384615 0.0829326923076923
1 0.29447115384615385 0.9399038461538461 0.040865384615384616 0.08774038461538461
1 0.31009615384615385 0.9206730769230769 0.037259615384615384 0.05889423076923077
1 0.05889423076923077 0.4254807692307692 0.0673076923076923 0.09495192307692307
1 0.25841346153846156 0.40865384615384615 0.036057692307692304 0.046875
1 0.10697115384615384 0.18269230769230768 0.04567307692307692 0.06129807692307692
1 0.8305288461538461 0.32572115384615385 0.03485576923076923 0.05889423076923077
1 0.9783653846153846 0.45072115384615385 0.03245192307692308 0.08533653846153846
1 0.9555288461538461 0.9675480769230769 0.039663461538461536 0.0625