1 0.21394230769230768 0.421875 0.07211538461538461 0.1045673076923077
1 0.26322115384615385 0.3737980769230769 0.04807692307692308 0.09134615384615384
1 0.28966346153846156 0.42427884615384615 0.04567307692307692 0.08774038461538461
1 0.26322115384615385 0.2247596153846154 0.04567307692307692 0.07091346153846154
1 0.2608173076923077 0.27163461538461536 0.042067307692307696 0.06490384615384616
1 0.5012019230769231 0.25 0.06850961538461539 0.1201923076923077
1 0.4362980769230769 0.4987980769230769 0.057692307692307696 0.10576923076923077
1 0.42788461538461536 0.5444711538461539 0.036057692307692304 0.0625
1 0.44591346153846156 0.41225961538461536 0.04807692307692308 0.08173076923076923
1 0.5204326923076923 0.45552884615384615 0.040865384615384616 0.07692307692307693
1 0.48677884615384615 0.3713942307692308 0.039663461538461536 0.057692307692307696
1 0.14423076923076922 0.8449519230769231 0.057692307692307696 0.11778846153846154
1 0.028846153846153848 0.7596153846153846 0.057692307692307696 0.12860576923076922
1 0.015625 0.5612980769230769 0.030048076923076924 0.10576923076923077
1 0.3449519230769231 0.8401442307692307 0.046875 0.09134615384615384
1 0.4891826923076923 0.8894230769230769 0.057692307692307696 0.11658653846153846
1 0.5048076923076923 0.09735576923076923 0.037259615384615384 0.07572115384615384
1 0.3641826923076923 0.5841346153846154 0.039663461538461536 0.08533653846153846
1 0.6081730769230769 0.6610576923076923 0.051682692307692304 0.09254807692307693
1 0.6346153846153846 0.6382211538461539 0.036057692307692304 0.06971153846153846
1 0.6646634615384616 0.6105769230769231 0.04326923076923077 0.08173076923076923
1 0.6117788461538461 0.5336538461538461 0.04807692307692308 0.08413461538461539
1 0.6262019230769231 0.41225961538461536 0.04326923076923077 0.08533653846153846
1 0.6442307692307693 0.23317307692307693 0.06009615384615385 0.10697115384615384
1 0.6598557692307693 0.16346153846153846 0.04447115384615385 0.07572115384615384
1 0.7620192307692307 0.46153846153846156 0.04447115384615385 0.0829326923076923
1 0.7680288461538461 0.5516826923076923 0.039663461538461536 0.07211538461538461