1 0.35096153846153844 0.057692307692307696 0.06009615384615385 0.0889423076923077
1 0.3137019230769231 0.1045673076923077 0.04807692307692308 0.06009615384615385
1 0.3329326923076923 0.19230769230769232 0.055288461538461536 0.08052884615384616
1 0.3737980769230769 0.42788461538461536 0.055288461538461536 0.08052884615384616
1 0.37259615384615385 0.5204326923076923 0.06971153846153846 0.1045673076923077
1 0.33052884615384615 0.6334134615384616 0.06490384615384616 0.11177884615384616
1 0.47716346153846156 0.7884615384615384 0.06370192307692307 0.10697115384615384
1 0.5144230769230769 0.7439903846153846 0.039663461538461536 0.07211538461538461
1 0.5408653846153846 0.625 0.05048076923076923 0.07692307692307693
1 0.6033653846153846 0.5372596153846154 0.05889423076923077 0.10216346153846154
1 0.7884615384615384 0.5733173076923077 0.046875 0.07451923076923077
1 0.8425480769230769 0.40024038461538464 0.052884615384615384 0.10096153846153846
1 0.5036057692307693 0.32572115384615385 0.04927884615384615 0.07091346153846154
1 0.4735576923076923 0.2764423076923077 0.03365384615384615 0.04447115384615385
1 0.5588942307692307 0.23798076923076922 0.054086538461538464 0.09134615384615384
1 0.5036057692307693 0.07451923076923077 0.037259615384615384 0.04567307692307692
1 0.6670673076923077 0.06850961538461539 0.051682692307692304 0.07091346153846154
1 0.6514423076923077 0.019230769230769232 0.04807692307692308 0.038461538461538464
1 0.375 0.8004807692307693 0.040865384615384616 0.09134615384615384