1 0.3389423076923077 0.13822115384615385 0.10697115384615384 0.16826923076923078
1 0.3557692307692308 0.1935096153846154 0.06490384615384616 0.09975961538461539
1 0.5144230769230769 0.4074519230769231 0.09975961538461539 0.18389423076923078
1 0.7439903846153846 0.3858173076923077 0.09735576923076923 0.1778846153846154
1 0.8509615384615384 0.1935096153846154 0.0889423076923077 0.15264423076923078
1 0.8569711538461539 0.7668269230769231 0.07692307692307693 0.13341346153846154
1 0.48197115384615385 0.6658653846153846 0.09134615384615384 0.15384615384615385
1 0.5961538461538461 0.6213942307692307 0.09134615384615384 0.16466346153846154
1 0.17427884615384615 0.3954326923076923 0.078125 0.13942307692307693
1 0.2920673076923077 0.3870192307692308 0.04807692307692308 0.08774038461538461
1 0.3557692307692308 0.3401442307692308 0.09495192307692307 0.15384615384615385
1 0.025240384615384616 0.4338942307692308 0.05048076923076923 0.140625