1 0.1935096153846154 0.34615384615384615 0.042067307692307696 0.07572115384615384
1 0.18269230769230768 0.47115384615384615 0.054086538461538464 0.0889423076923077
1 0.171875 0.6802884615384616 0.04807692307692308 0.06610576923076923
1 0.036057692307692304 0.6802884615384616 0.054086538461538464 0.08774038461538461
1 0.14423076923076922 0.7764423076923077 0.04447115384615385 0.07091346153846154
1 0.4074519230769231 0.5733173076923077 0.04807692307692308 0.08173076923076923
1 0.41346153846153844 0.7824519230769231 0.03245192307692308 0.06009615384615385
1 0.5420673076923077 0.7163461538461539 0.052884615384615384 0.0889423076923077
1 0.6346153846153846 0.6983173076923077 0.040865384615384616 0.078125
1 0.6778846153846154 0.8209134615384616 0.057692307692307696 0.11057692307692307
1 0.7536057692307693 0.90625 0.052884615384615384 0.11538461538461539
1 0.7283653846153846 0.8810096153846154 0.042067307692307696 0.09735576923076923
1 0.9495192307692307 0.6826923076923077 0.05048076923076923 0.09735576923076923
1 0.9423076923076923 0.7403846153846154 0.039663461538461536 0.0625
1 0.8737980769230769 0.5300480769230769 0.05048076923076923 0.08533653846153846
1 0.7872596153846154 0.4855769230769231 0.054086538461538464 0.08653846153846154
1 0.4795673076923077 0.2848557692307692 0.05048076923076923 0.0733173076923077
1 0.36778846153846156 0.19951923076923078 0.05048076923076923 0.07572115384615384
1 0.41586538461538464 0.15264423076923078 0.038461538461538464 0.055288461538461536
1 0.36177884615384615 0.04447115384615385 0.04326923076923077 0.06490384615384616
1 0.6009615384615384 0.0985576923076923 0.056490384615384616 0.08653846153846154
1 0.6213942307692307 0.14182692307692307 0.038461538461538464 0.0673076923076923
1 0.7331730769230769 0.2620192307692308 0.037259615384615384 0.06490384615384616
1 0.8341346153846154 0.1502403846153846 0.03245192307692308 0.06610576923076923
1 0.8653846153846154 0.1658653846153846 0.040865384615384616 0.0673076923076923
1 0.9411057692307693 0.0829326923076923 0.056490384615384616 0.0829326923076923
1 0.9819711538461539 0.03365384615384615 0.03485576923076923 0.057692307692307696
1 0.984375 0.2704326923076923 0.026442307692307692 0.06490384615384616
1 0.36899038461538464 0.7620192307692307 0.04807692307692308 0.08774038461538461
1 0.5084134615384616 0.5901442307692307 0.04326923076923077 0.0829326923076923
1 0.28125 0.6826923076923077 0.03485576923076923 0.056490384615384616
1 0.48677884615384615 0.5961538461538461 0.026442307692307692 0.046875
1 0.8185096153846154 0.1310096153846154 0.027644230769230768 0.04927884615384615