1 0.17427884615384615 0.20192307692307693 0.052884615384615384 0.0829326923076923
1 0.1814903846153846 0.84375 0.05889423076923077 0.11057692307692307
1 0.22956730769230768 0.7644230769230769 0.06610576923076923 0.109375
1 0.25841346153846156 0.6959134615384616 0.036057692307692304 0.057692307692307696
1 0.30649038461538464 0.234375 0.04927884615384615 0.08653846153846154
1 0.3798076923076923 0.10817307692307693 0.05048076923076923 0.06370192307692307
1 0.3894230769230769 0.17427884615384615 0.042067307692307696 0.056490384615384616
1 0.43509615384615385 0.23557692307692307 0.04567307692307692 0.08533653846153846
1 0.4963942307692308 0.2127403846153846 0.07451923076923077 0.12860576923076922
1 0.5108173076923077 0.03245192307692308 0.046875 0.06490384615384616
1 0.5697115384615384 0.040865384615384616 0.0673076923076923 0.07932692307692307
1 0.6358173076923077 0.1622596153846154 0.052884615384615384 0.078125
1 0.4519230769230769 0.3473557692307692 0.06370192307692307 0.11899038461538461
1 0.5072115384615384 0.3762019230769231 0.06370192307692307 0.09975961538461539
1 0.5060096153846154 0.6995192307692307 0.05048076923076923 0.09495192307692307
1 0.6610576923076923 0.4074519230769231 0.07091346153846154 0.12740384615384615
1 0.7319711538461539 0.3641826923076923 0.07572115384615384 0.1346153846153846
1 0.9447115384615384 0.20432692307692307 0.025240384615384616 0.04447115384615385
1 0.9807692307692307 0.13942307692307693 0.037259615384615384 0.08052884615384616